0.0 0.0 0.0 0.0
0.0 0.0 0.0 0.0
0.0 0.0 0.0 0.0
0.0 0.0 0.0 0.0
0.0 0.0 0.0 0.0
0.0 0.0 0.0 0.0
0.0 0.0 0.0 0.0
0.0 0.0 0.0 0.0
0.0 0.0 0.0 0.0
0.0 0.0 0.0 0.0
0.0 0.0 0.0 0.0
0.0 0.0 0.0 0.0
0.0 0.0 0.0 0.0
0.0 0.0 0.0 0.0
0.0 0.0 0.0 0.0
0.0 0.0 0.0 0.0
0.0 0.0 0.0 0.0
0.0 0.0 0.0 0.0
0.0 0.0 0.0 0.0
0.0 0.0 0.0 0.0
0.0 0.0 0.0 0.0
0.0 0.0 0.0 0.0
0.0 0.0 0.0 0.0
0.0 0.0 0.0 0.0
0.0 0.0 0.0 0.0
0.0 0.0 0.0 0.0
0.0 0.0 0.0 0.0
0.0 0.0 0.0 0.0
0.0 0.0 0.0 0.0
0.0 0.0 0.0 0.0
0.0 0.0 0.0 0.0
0.0 0.0 0.0 0.0
0.0 0.0 0.0 0.0
0.0 0.0 0.0 0.0
0.0 0.0 0.0 0.0
0.0 0.0 0.0 0.0
0.0 0.0 0.0 0.0
0.0 0.0 0.0 0.0
0.0 0.0 0.0 0.0
0.0 0.0 0.0 0.0
0.0 0.0 0.0 0.0
0.0 0.0 0.0 0.0
0.0 0.0 0.0 0.0
0.0 0.0 0.0 0.0
0.0 0.0 0.0 0.0
0.0 0.0 0.0 0.0
0.0 0.0 0.0 0.0
0.0 0.0 0.0 0.0
0.0 0.0 0.0 0.0
0.0 0.0 0.0 0.0
0.0 0.0 0.0 0.0
0.0 0.0 0.0 0.0
0.0 0.0 0.0 0.0
0.0 0.0 0.0 0.0
0.0 0.0 0.0 0.0
0.0 0.0 0.0 0.0
0.0 0.0 0.0 0.0
0.0 0.0 0.0 0.0
0.0 0.0 0.0 0.0
0.0 0.0 0.0 0.0
0.0 0.0 0.0 0.0
0.0 0.0 0.0 0.0
0.0 0.0 0.0 0.0
0.0 0.0 0.0 0.0
0.0 0.0 0.0 0.0
0.0 0.0 0.0 0.0
0.0 0.0 0.0 0.0
0.0 0.0 0.0 0.0
0.0 0.0 0.0 0.0
0.0 0.0 0.0 0.0
0.0 0.0 0.0 0.0
0.0 0.0 0.0 0.0
0.0 0.0 0.0 0.0
0.0 0.0 0.0 0.0
0.0 0.0 0.0 0.0
0.0 0.0 0.0 0.0
0.0 0.0 0.0 0.0
0.0 0.0 0.0 0.0
0.0 0.0 0.0 0.0
0.0 0.0 0.0 0.0
0.0 0.0 0.0 0.0
0.0 0.0 0.0 0.0
0.0 0.0 0.0 0.0
0.0 0.0 0.0 0.0
0.0 0.0 0.0 0.0
0.0 0.0 0.0 0.0
0.0 0.0 0.0 0.0
0.0 0.0 0.0 0.0
0.0 0.0 0.0 0.0
0.0 0.0 0.0 0.0
0.0 0.0 0.0 0.0
0.0 0.0 0.0 0.0
0.0 0.0 0.0 0.0
0.0 0.0 0.0 0.0
0.0 0.0 0.0 0.0
0.0 0.0 0.0 0.0
0.0 0.0 0.0 0.0
0.0 0.0 0.0 0.0
0.0 0.0 0.0 0.0
0.0 0.0 0.0 0.0
0.0 0.0 0.0 0.0
0.0 0.0 0.0 0.0
0.0 0.0 0.0 0.0
0.0 0.0 0.0 0.0
0.0 0.0 0.0 0.0
0.0 0.0 0.0 0.0
0.0 0.0 0.0 0.0
0.0 0.0 0.0 0.0
0.0 0.0 0.0 0.0
0.0 0.0 0.0 0.0
0.0 0.0 0.0 0.0
0.0 0.0 0.0 0.0
0.0 0.0 0.0 0.0
0.0 0.0 0.0 0.0
0.0 0.0 0.0 0.0
0.0 0.0 0.0 0.0
0.0 0.0 0.0 0.0
0.0 0.0 0.0 0.0
0.0 0.0 0.0 0.0
0.0 0.0 0.0 0.0
0.0 0.0 0.0 0.0
0.0 0.0 0.0 0.0
0.0 0.0 0.0 0.0
0.0 0.0 0.0 0.0
0.0 0.0 0.0 0.0
0.0 0.0 0.0 0.0
0.0 0.0 0.0 0.0
0.9366025544669527 0.0 0.0 0.0
0.0 0.0 0.0 0.0
0.0 0.0 0.0 0.0
15.01142847916254 0.0 0.0 0.0
17.03051736987194 0.0 0.0 0.0
0.0 0.0 0.0 0.0
0.0 0.0 0.0 0.0
0.0 0.0 0.0 0.0
0.0 0.0 0.0 0.0
0.0 0.0 0.0 0.0
0.0 0.0 0.0 0.0
0.0 0.0 0.0 0.0
0.0 0.0 0.0 0.0
0.0 0.0 0.0 0.0
0.0 0.0 0.0 0.0
0.0 0.0 0.0 0.0
0.0 0.0 0.0 0.0
0.0 0.0 0.0 0.0
0.0 0.0 0.0 0.0
1.6957980558935475 0.0 0.0 0.0
8.22804687269429 0.17976453454344313 0.5956137509952758 0.30000000000000004
0.8862726060382569 0.0 0.0 0.8229799509729919
14.69942085222911 0.0 0.0 0.0
49.84494868718888 8.867028625033868 2.1828221756885027 1.1495958313697503
52.484149361263576 9.109716964560992 2.69275165493912 16.05313332961903
37.38858717738154 0.0 0.0 4.8231887909325835
0.0 0.0 0.0 0.0
0.0 0.0 0.0 0.0
0.0 0.0 0.0 0.0
0.0 0.0 0.0 0.0
0.0 0.0 0.0 0.0
0.0 0.0 0.0 0.0
0.0 0.0 0.0 0.0
0.0 0.0 0.0 0.0
0.0 0.0 0.0 0.0
0.0 0.0 0.0 0.0
0.0 0.0 0.0 0.0
0.0 0.0 0.0 0.0
0.37352888734876055 0.0 0.0 0.0
8.767022002713784 1.8045879824259112 0.7041532575669182 0.1
42.43610325317032 6.780747752630673 5.861521037074917 4.878719925196309
4.457416204296248 0.14817014529885023 0.1 34.797622627724934
44.830315814185454 23.09586318797114 1.3952185879103765 6.618404178016519
47.361518221540344 51.154842807829645 47.02606547907702 42.41404190527994
52.564811725484454 50.16797629664915 49.05518057330493 48.91078885372995
44.65090310411726 10.408770425709118 14.297104003848371 52.06492287308137
25.14418806344201 0.0 0.0 4.9346572490034015
0.0 0.0 0.0 0.0
0.0 0.0 0.0 0.0
0.0 0.0 0.0 0.0
0.0 0.0 0.0 0.0
0.0 0.0 0.0 0.0
0.0 0.0 0.0 0.0
0.0 0.0 0.0 0.0
0.0 0.0 0.0 0.0
0.0 0.0 0.0 0.0
0.0 0.0 0.0 0.0
0.0 0.0 0.0 0.0
-0.1 7.081671992779708 0.10900000000000001 0.0
9.92106898233008 9.880078889409733 4.80834688019915 4.012959558494707
12.168516007719557 42.22392349168795 9.982303389852689 8.043201680839426
40.65290736931149 44.33160525147642 22.93292076784252 40.316111146624806
42.40251525955382 46.866342983276446 41.244778216858755 41.42274849986425
44.78928549065276 46.621625079084446 47.20695661063862 44.39540931020265
41.71336128249377 44.105046393206855 54.166227219111065 49.16823335801481
42.50597948652707 34.28084744778105 49.75981801491204 49.24135389519081
35.14096928207239 0.30801942206077215 4.61170113755737 11.11529720667918
0.5010973025397518 0.0 0.0 0.0
0.0 0.0 0.0 0.0
0.0 0.0 0.0 0.0
0.0 0.0 0.0 0.0
0.0 0.0 0.0 0.0
0.0 0.0 0.0 0.0
0.0 0.0 0.0 0.0
0.0 0.0 0.0 0.0
0.0 0.0 0.0 0.0
0.0 0.0 0.0 0.0
0.0 0.0 0.0 0.0
-0.19 6.149066446939594 0.19028873644629002 0.0
0.9444256618025157 4.020625936677722 9.921162504996934 1.5229777882611681
-0.1 0.0 42.379110774722236 0.9310233025738026
17.06836223863422 41.16407255271668 41.7764119790934 30.101023194798177
20.138790034670325 45.836182011602496 44.13229607738423 30.848309711640905
42.27717408856144 44.48663274178602 45.898478156461735 42.85099643412407
42.25764172590091 42.139554767525375 42.47770279548462 42.70144904027101
40.70998270830169 35.69116844916717 42.55229091685303 42.81074428204395
38.623798439390036 1.3224154014550458 23.272789603327602 28.1971319348748
2.315427959160293 0.0 0.0 0.0
0.0 0.0 0.0 0.0
0.0 0.0 0.0 0.0
0.0 0.0 0.0 0.0
0.0 0.0 0.0 0.0
0.0 0.0 0.0 0.0
0.0 0.0 0.0 0.0
0.0 0.0 0.0 0.0
0.0 0.0 0.0 0.0
0.0 0.0 0.0 0.0
-0.09100000000000001 0.0 0.0 0.0
-0.1 0.0 0.0 -0.1
-0.1 -0.1 5.453768041725882 0.0
-0.19 0.0 0.0 -0.1
-0.15448727696814707 28.121433816017586 0.0 0.0
2.459629641569583 40.5656716634604 7.530198620612126 0.6710349866501116
37.28376644391639 40.991328662877585 46.06099883326142 21.890618512037417
40.585761961999445 39.511674788004854 46.644669963502174 39.32500342236672
35.7063465532258 37.568007211723895 42.31387782010831 40.31626279015343
5.240774024490133 1.9695666541394876 22.09094506030334 41.01506684074196
4.4723810955531444 0.217 0.14437668443580795 3.960741294115504
0.30000000000000004 0.30000000000000004 0.0 0.0
2.1 0.0 0.0 0.0
0.0 0.0 0.0 0.0
0.0 0.0 0.0 0.0
0.0 0.0 0.0 0.0
0.0 0.0 0.0 0.0
0.0 0.0 0.0 0.0
0.0 0.0 0.0 0.0
0.0 0.0 0.0 0.0
0.2142631781527869 0.0 0.0 0.0
-0.05658660375513929 0.0 0.0 -0.1
-0.1 0.0 0.0 -0.1
0.0 0.0 -0.1 -0.1
-0.1 -0.1 3.2495129931399465 0.0
-0.09100000000000001 30.58779858682099 0.9668407878932176 0.0
38.59240517100214 27.852590463152996 14.9252156895074 13.581899165380483
45.065117501613344 22.698638327491427 29.342754952799638 18.117430476435608
4.354427197693685 1.7750691820163862 10.374753778228541 39.77452665823857
13.362968712246158 0.5884457312236855 0.0 0.0
7.161205115089396 0.0 0.0 0.9954561715703074
0.13507349983439196 0.0 0.0 0.0
0.4980374381585582 0.0 0.0 0.0
0.6160696016593549 0.0 0.0 0.0
9.777805291498604 0.14674506973111331 0.0 0.30000000000000004
2.2764550089244193 0.0 0.0 0.0
0.0 0.0 0.0 0.0
0.0 0.0 0.0 0.0
0.0 0.0 0.0 0.0
0.0 0.0 0.0 0.0
3.829318538912814 0.07028452991680743 0.0 0.0
5.206107546192159 0.0 0.0 0.0
-0.052671372180924415 0.0 0.0 0.0
-0.1 0.0 0.0 0.0
-0.1 -0.08209 -0.1 -0.1
4.542308424894546 0.0 0.0 -0.271
41.31194463360398 23.143676582646794 18.30648483386943 0.6212096226704449
50.534841228332844 14.912918174282229 19.670451617257587 23.643028866812244
13.65530912766214 0.0 6.726503286158447 39.2355621615756
2.006827416927769 1.0800020473428313 0.0 26.113947272052172
8.782441985334282 0.199 2.915902800121903 2.0986857755393706
0.6878897398982307 0.0 0.0 0.0
2.9542795092844356 0.0 0.0 0.0
9.977300338593071 1.8919798575250324 0.0 0.6214246224179589
9.999985077470637 9.252051541337668 9.06274432387484 9.20203690531383
0.3663784472696673 2.112021350763271 0.3178909449954917 9.975454122568104
0.0 0.0 0.0 0.0
0.0 0.0 0.0 0.0
0.0 0.0 0.0 0.0
0.4060045691878822 2.7449196277178913 0.0 0.0
8.748036222944126 2.5849265286140515 1.4268307806212226 1.0577655312064616
2.8529493492520395 -0.1345542398970706 1.0530202026353392 8.743853424378647
0.1 0.0 0.0 2.40747141710474
0.21296001692571062 0.0 0.0 0.0
0.1 0.0 0.0 0.0
20.05368181402074 0.0 0.15052904343812848 0.0
19.775103562877405 47.12987062371153 29.113084452041306 8.419075232395965
58.0943195881359 34.52776793351069 39.26066429519072 39.51879908368317
2.280552966059246 0.11433626941098494 1.8071361250307052 46.2984116149108
0.36130384293731593 0.0 2.3527689976367365 22.197960799082065
3.988388149360887 1.8880919949171724 8.771947038011731 7.731655817329066
4.576865064311208 0.0 0.0 0.0
1.3273007874370524 9.809768204670915 0.42362113764133436 0.2463777417690821
9.999999688937859 9.877808152962121 9.193179734590181 9.114735023167931
7.58891529970556 5.385003214380232 9.999984954393877 9.724215043373363
-0.11273939183544497 -0.5 9.00351293706211 1.89822446691412
0.0 0.0 0.0 0.0
0.0 0.0 0.0 0.0
0.30000000000000004 0.0 0.0 0.0
7.813032553347414 1.5172688032398116 0.12018162443410002 0.1
7.247982405635003 8.738001765491042 2.1784765372169757 3.4443630299957015
7.040652909692263 1.3178755055107338 8.740270625709957 1.6875461573673898
0.0 0.1 0.0 4.184048626975979
7.478676527751651 0.0 0.0 0.0
2.7161167313013856 0.0 0.0 0.0
33.97230640879619 3.1293908416998777 0.0 0.10900000000000001
45.28262093475709 12.765833537824719 7.2282540487528735 0.0
63.24071392068952 13.160791852965778 43.02513912859601 36.568630552169054
24.555038849409843 0.0 3.791610537449211 9.055946623730938
17.394448299964854 0.0 0.0 0.0
12.698155118110849 0.47883579964942824 0.23470374735562297 0.8067160274609237
8.012978071195787 0.0 0.0 0.9688978348878186
2.390177839714774 9.999890381071536 0.6089034956267579 3.066054347820113
6.167991386134268 7.780331163762025 9.999999687297583 9.869403328511712
-0.1 -0.05627552343504885 9.996096822457202 0.9999554231230322
-0.1 -0.5 0.5263617811728845 1.6696802775083903
0.0 0.0 0.0 0.0
0.0 0.0 0.0 0.0
0.0 2.1 0.0 0.0
4.170118778966966 0.0 0.37951333417959654 0.0
4.705920707213461 18.733749970213626 3.4185524328258725 16.060495667833372
3.9441727324231275 7.244653881431722 5.699451815254156 19.782130242672157
0.2234800627580423 1.5566357104592938 0.6122902233789385 15.229290750902344
30.65948831631433 0.0 0.9146235826451082 0.0
41.71779119617181 15.792448535599146 0.0 7.508466037542012
44.990697841198084 24.477742128356667 6.051505385958912 17.857752264998936
23.52441594637273 47.77950805773201 13.42441762607695 8.823393530781114
48.90057612669762 29.43466110146773 51.27002635531036 41.33566228790479
12.359728531198474 28.836105322940256 8.568372182688698 22.535198436838513
30.290984843833222 11.446851507809884 7.289168700702825 17.925162557917275
9.999991013535386 7.258739377735573 8.779818287965107 26.432468375749945
1.4928991255263817 9.723236576451406 0.4860283082959388 0.9979394539014499
-0.09100000000000001 0.11766053740824525 9.990227589812614 1.9841836851662915
-0.199 -0.10819000000000001 0.9989033021209356 9.435108238670182
-0.1 -0.10900000000000001 -0.1 -0.12958267375164723
-0.199 -0.5 -0.1 -0.1
0.0 0.0 0.0 0.0
0.0 0.0 0.0 0.0
0.0 0.0 0.0 0.0
3.9365400271411417 0.0 0.0 0.0
0.0 1.235665026601532 12.173986043937997 0.30000000000000004
0.8434937855432165 0.16368832678626113 14.20791724434862 0.0
0.1 0.0 7.242402947640596 1.333910305026306
39.24859184438355 28.53837211602524 16.231415101464925 2.1718731123054473
40.581366145784735 44.35676150108905 38.57368747173799 36.03889943506391
46.13963134325353 39.91859322802635 41.54394703383858 41.49671034876661
43.3111342416222 37.72233661673109 35.574157870836295 30.88826724594901
37.82829280366514 32.55077029055156 49.2933421372365 37.21805948616308
34.63699452665226 13.742178215189089 4.105389748173833 31.608269097203806
32.00378445145218 10.373326321414073 16.56723662915052 18.453680977929427
7.40656991044403 6.686603458034003 16.44441759327438 9.747589710669102
-0.03212309729906808 -0.15750999999999998 0.6792775685539142 9.710139519983755
-0.1 -0.199 0.5281618258094471 0.0
-0.199 -0.199 -0.17209000000000002 -0.1
-0.199 -0.199 -0.19 -0.1
-0.199 -0.5 -0.19 -0.199
0.0 0.0 0.0 0.0
0.0 0.0 0.0 0.0
0.1098829 0.0 0.0 0.0
5.929048558286109 0.0 0.0 0.1
9.35007410940167 0.9634857388698399 2.320675399953311 1.6858436191689306
0.0 0.0 6.538439465202817 0.1
31.10164956827677 14.727572604238917 2.067712420931593 1.623946727790547
36.431002097631485 40.47740182395717 34.60487485299119 26.069169402202228
39.4616008727445 38.827603243653186 41.317572220697116 38.928796385327516
39.82427801902028 42.72560742347185 46.24460641727522 40.53254298040443
37.12320647524018 37.37568530943967 37.83058430924765 47.05582730859915
36.057700281769485 33.94497426261451 38.32111714973321 42.331928519733786
19.750714156022166 23.801941139437073 16.46444646339366 39.00277816804655
8.212443086009342 8.106335175686091 17.648642160740053 34.5958517316473
0.1985513439936431 0.08887543597202865 11.203201806002024 0.0
-0.19 -0.20710000000000003 -0.1 3.4353855767249284
-0.199 -0.10900000000000001 -0.19 -0.15874652850451246
-0.199 -0.20710000000000003 -0.199 -0.19
-0.199 -0.10900000000000001 -0.199 -0.199
-0.199 -0.5 -0.199 -0.1
0.0 0.0 0.0 0.0
0.0 0.0 0.0 0.0
-0.30000000000000004 0.9191855990724316 0.0 0.0
-0.26613843351040906 8.144052849085364 0.0 0.1
0.777322975510064 11.609886630729495 9.351376973995468 2.6732439998196087
1.472060038499038 27.78650969871014 0.33454036519306435 1.0036907078143957
23.704668899507958 32.28099360219713 25.458117513108494 23.006588790508882
32.18472161547398 39.746470669627186 38.97900695592001 32.900570389689456
35.85919833812456 38.41623938790773 40.831580331828796 34.31664935345376
34.48330637721584 38.17985702936245 37.462839910639694 40.47151205970966
32.715513583170285 34.77833286018421 42.59455641171819 36.977476177608956
5.018616705227865 6.22760363806689 38.77805528901121 10.409164052802483
-0.30000000000000004 0.9454867901783895 31.124441669438756 0.0
0.33072323594140624 -0.1278175178936946 14.785235493145446 2.9661926571358137
-0.7701307242163731 -0.1 -0.1 3.6094775483724364
-0.5 -0.199 -0.1 -0.1
-0.5 -0.2962 -0.199 -0.1
-0.5 -0.199 -0.28 -0.199
-0.5 -0.199 -0.19 -0.199
-0.5 -0.5 -0.19 -0.199
