0.0 0.0 0.0 0.0
0.0 0.0 0.0 0.0
0.0 0.0 0.0 0.0
0.0 0.0 0.0 0.0
0.0 0.0 0.0 0.0
0.0 0.0 0.0 0.0
0.0 0.0 0.0 0.0
0.0 0.0 0.0 0.0
0.0 0.0 0.0 0.0
0.0 0.0 0.0 0.0
0.0 0.0 0.0 0.0
0.0 0.0 0.0 0.0
0.0 0.0 0.0 0.0
0.0 0.0 0.0 0.0
0.0 0.0 0.0 0.0
0.0 0.0 0.0 0.0
0.0 0.0 0.0 0.0
0.0 0.0 0.0 0.0
0.0 0.0 0.0 0.0
0.0 0.0 0.0 0.0
0.0 0.0 0.0 0.0
0.0 0.0 0.0 0.0
0.0 0.0 0.0 0.0
0.0 0.0 0.0 0.0
0.0 0.0 0.0 0.0
0.0 0.0 0.0 0.0
0.0 0.0 0.0 0.0
0.0 0.0 0.0 0.0
0.0 0.0 0.0 0.0
0.0 0.0 0.0 0.0
0.0 0.0 0.0 0.0
0.0 0.0 0.0 0.0
0.0 0.0 0.0 0.0
0.0 0.0 0.0 0.0
0.0 0.0 0.0 0.0
0.0 0.0 0.0 0.0
0.0 0.0 0.0 0.0
0.0 0.0 0.0 0.0
0.0 0.0 0.0 0.0
0.0 0.0 0.0 0.0
0.0 0.0 0.0 0.0
0.0 0.0 0.0 0.0
0.0 0.0 0.0 0.0
0.0 0.0 0.0 0.0
0.0 0.0 0.0 0.0
0.0 0.0 0.0 0.0
0.0 0.0 0.0 0.0
0.0 0.0 0.0 0.0
0.0 0.0 0.0 0.0
0.0 0.0 0.0 0.0
0.0 0.0 0.0 0.0
0.0 0.0 0.0 0.0
0.0 0.0 0.0 0.0
0.0 0.0 0.0 0.0
0.0 0.0 0.0 0.0
0.0 0.0 0.0 0.0
0.0 0.0 0.0 0.0
0.0 0.0 0.0 0.0
0.0 0.0 0.0 0.0
0.0 0.0 0.0 0.0
0.0 0.0 0.0 0.0
0.0 0.0 0.0 0.0
0.0 0.0 0.0 0.0
0.0 0.0 0.0 0.0
0.0 0.0 0.0 0.0
0.0 0.0 0.0 0.0
0.0 0.0 0.0 0.0
0.0 0.0 0.0 0.0
0.0 0.0 0.0 0.0
0.0 0.0 0.0 0.0
0.0 0.0 0.0 0.0
0.0 0.0 0.0 0.0
0.0 0.0 0.0 0.0
0.0 0.0 0.0 0.0
0.0 0.0 0.0 0.0
0.0 0.0 0.0 0.0
0.0 0.0 0.0 0.0
0.0 0.0 0.0 0.0
0.0 0.0 0.0 0.0
0.0 0.0 0.0 0.0
0.0 0.0 0.0 0.0
0.0 0.0 0.0 0.0
0.0 0.0 0.0 0.0
0.0 0.0 0.0 0.0
0.0 0.0 0.0 0.0
0.0 0.0 0.0 0.0
0.0 0.0 0.0 0.0
0.0 0.0 0.0 0.0
0.0 0.0 0.0 0.0
0.0 0.0 0.0 0.0
0.0 0.0 0.0 0.0
0.0 0.0 0.0 0.0
0.0 0.0 0.0 0.0
0.0 0.0 0.0 0.0
0.0 0.0 0.0 0.0
0.0 0.0 0.0 0.0
-5.87592686611657 0.0 0.0 0.0
5.333930159348558 0.0 0.0 0.0
0.0 0.0 0.0 0.0
0.0 0.0 0.0 0.0
0.0 0.0 0.0 0.0
0.0 0.0 0.0 0.0
0.0 0.0 0.0 0.0
0.0 0.0 0.0 0.0
0.0 0.0 0.0 0.0
0.0 0.0 0.0 0.0
0.0 0.0 0.0 0.0
0.0 0.0 0.0 0.0
0.0 0.0 0.0 0.0
0.0 0.0 0.0 0.0
0.0 0.0 0.0 0.0
0.0 0.0 0.0 0.0
0.0 0.0 0.0 0.0
0.0 0.0 0.0 0.0
-0.31 0.0 0.0 0.0
0.11880400210863142 0.0 0.0 0.0
-0.30855196662933826 0.1549224358922048 -1.22152369 4.173253959189374
50.86236295896928 0.13 -0.7988683860395537 -0.40053269807697023
0.13 0.0 0.0 0.0
0.0 0.0 0.0 0.0
0.0 0.0 0.0 0.0
0.0 0.0 0.0 0.0
0.0 0.0 0.0 0.0
0.0 0.0 0.0 0.0
0.0 0.0 0.0 0.0
1.9444131686853532 0.26933316330527557 0.0 0.0
0.11301861000980551 0.0 0.0 0.0
0.0 0.0 0.0 0.0
0.0 0.0 0.0 0.0
0.0 0.0 0.0 0.0
0.0 0.0 0.0 0.0
0.0 0.3755736407325852 0.0 0.0
22.59477569093533 0.0 0.0 0.0
0.0 0.0 0.0 0.0
0.0 -3.4362726510923842 -1.814115368569 0.0
-0.31 3.469972975425512 0.0 0.0
-4.202653143430679 45.94050920946105 0.0 0.0
6.313669183919708 0.0 48.45396218663566 3.2806237686815685
1.14271571 0.0 0.0 0.0
0.0 0.0 0.0 0.0
0.0 0.0 0.0 0.0
0.0 0.0 0.0 0.0
0.0 0.0 0.0 0.0
0.0 0.0 0.0 0.0
1.852128224310279 0.0 0.0 0.0
-6.67713363656719 0.0 3.229967504990549 0.9014611831357702
3.715546656187237 0.0 0.0 0.0
-31.551541044536705 -25.47897386144267 0.0 -0.858214779626551
0.14864019127977804 0.0 0.0 -28.9521008550224
2.549440946055987 0.0 0.0 0.0
103.35849796342596 0.0 0.0 11.269152605385669
216.6032250933633 3.7852178565854944 7.463839212349717 4.40628192962816
196.221892920196 0.9817383880179318 3.8094754448357815 0.0
24.344058945490985 0.24868132528144332 0.0 0.0
-0.5004240571097398 -30.681494091889217 -0.920731 -1.2497664111225781
-0.31 0.35389289246580563 -1.1193084531 -23.385944119601646
-5.217272904648594 -10.664836187286507 -1.814115368569 5.764838820961594
-20.9996158006489 -1.228916862579 0.8944247533189063 0.0
-3.417782301358272 0.0 0.0 0.0
0.0 0.0 0.0 0.0
0.0 0.0 0.0 0.0
0.0 0.0 0.0 0.0
0.0 0.0 0.0 0.0
-2.11964799096121 0.0 0.0 0.0
3.7645524315882284 65.23627690809616 0.0 0.0
44.209639686060214 -9.603200288147004 12.986609104848071 3.040229091641975
-24.23784148930306 -17.930432733080576 -0.7131576069239087 19.223922822568035
-2.0649731041933554 -1.0764763575913738 -0.7705152087363946 -1.7813298517188734
2.185898675891746 41.183633957193095 -0.31 0.0
134.94058542949205 26.502839428073894 -0.31 0.38580389945545074
170.74622964935048 80.21021529744614 23.16018743374041 21.68724717141701
237.30658545956882 174.1045127695004 183.86885969677672 167.59577963848463
198.20375115416203 210.02721782218245 100.49987886110867 215.14876929553128
122.65471776724456 27.850914875586334 37.154967935402425 137.54850182593634
131.14279900663468 -1.4420979202240072 -3.3288826232242537 -1.08039802221
20.527321368012636 -0.9290452 -3.1171518109134464 2.132527269128377
-0.6196900000000001 -1.24072111642 -17.254340746251266 -1.53853322431
-7.003002547125311 -6.391205689776577 -12.226770655449439 -18.386983433219285
-8.600296945172962 -10.999999999899357 -10.886149769238788 -4.616484637402389
-13.503441105539594 0.0 0.0 0.0
0.0 0.0 0.0 0.0
0.0 0.0 0.0 0.0
-30.72739215522086 -14.061407001822753 0.0 0.0
-1.2045325257384245 -0.9429820998244853 -4.338191006120056 -4.6048090960588555
-25.60625128369336 -2.7157268812006357 -827.2826631568097 -8.820892475134956
17.9741922036305 34.75244317501663 0.0 0.6960164049767273
-3.811959780361591 5.707258175719051 26.295506815408665 -1.157248757779481
-3.336533848195869 -22.258686504334385 -16.936563893138835 -3.023572329460274
-11.246670639097058 -11.316029606293668 44.638072902278914 -18.584329963717455
93.99991595691685 172.45371235843544 80.68805379144908 6.547743760183104
212.7489750848403 138.68445500875063 162.51255256294831 171.92919927208658
239.68449754800156 216.9505170389393 206.81225851492928 181.84648531361051
264.2897313922992 123.38281479014907 145.36593157162463 200.466877004243
222.31278793970546 109.05507350992718 126.60541655751457 145.78217119099887
157.9282340003863 71.86015075991888 -15.121837147948 154.95562017685813
143.6691547542383 -0.9943628958284758 4.635929554479434 -1.2325723690000001
-1.1177383431176415 -5.257891465204018 -1.22983789 -3.0282927656351557
-4.1581065803273605 -3.2420247639750395 -3.2689911905286033 -2.9861635282088472
-1.8583814110481358 10.276597362020365 -1.2980328980543208 -1.8796009540413792
-3.0780899097840213 -8.663950376635993 -3.0252163044636102 -21.236639767664876
0.0 0.0 0.0 0.0
0.0 0.0 0.0 0.0
-0.6021912038794713 -1.8287575691463742 0.0 0.0
-27.388630399993463 -0.4909117393611544 -2.374348006189966 -0.31
0.5360449169511252 -3.622337577974897 -33.442224235596555 -0.6154779848018944
-35.46904400525071 0.15450043536514757 -25.49195019925443 4.359355253389372
-21.187927611243186 -23.310806840569875 -0.21360064059954548 32.917285587745326
35.44051856443516 -10.540851199910612 -0.6169 -14.407142325893405
115.88302252436871 47.26611329952116 -3.5434546920046275 -5.1915526634957665
155.04038323161794 207.02742013671542 152.7165165251949 93.35234196729868
199.05445392304742 243.4363126088346 193.1019418209941 165.9965971617289
230.64618284095442 266.4221417260531 231.17002793841638 214.8183118184084
225.94275953717806 246.06970853693562 230.17134271170576 268.62775036108593
202.10379818218627 210.98019253298088 201.4981011881225 255.75571517161436
196.44104500502067 182.98146718857708 164.48077606587157 222.468971483894
51.167975215469895 59.03437353162335 106.4177054021486 210.05060871670926
-2.4434575558964795 -2.820835398271041 -2.680965328007132 76.07424677594943
-3.5461976647520568 -3.876173871359673 -4.885446323355583 -5.644884934485844
-4.655016876438258 -5.188962174841671 -4.654186965853561 -6.783298403490572
-21.627167968601498 -7.677990030247704 -6.007658705548139 -28.9651762363133
0.0 0.0 0.0 0.0
0.0 0.0 0.0 0.0
62.308140508010716 0.0 0.0 0.0
-18.65593595891546 -13.55165166530666 -28.232171160947527 47.4579583010982
52.59313910631608 -17.66040445554678 -24.592330249551424 9.977684870811911
-21.464823030003473 68.73273337970853 -6.07272053284154 -24.271435481795113
98.1175859965876 -10.84434931539769 -26.31524393609936 -8.230544315938747
100.66395178606284 -2.6219014334253616 0.9921028457068626 13.101045666607748
128.55541426122488 18.633569283048956 24.160921947357085 -4.305378606762401
132.9260382483455 172.7208066109192 147.27418674983596 121.4800191098901
184.85747474230854 199.42714708933482 205.80318994973408 110.59580003960232
204.11079027301992 239.11187945837267 238.33392204471136 205.2837195226159
226.30806232304047 225.06115220447532 235.62747520503447 232.32245307492792
193.89210680856542 185.75038958346394 246.243214261954 210.24545653631435
118.18313319876943 160.29686708055684 212.84494213661182 169.25429292170153
0.07545000266929258 26.13804612539532 190.3424038228625 6.650142217182884
-24.436003899692988 -15.133714971202691 76.89612358959276 -18.660009086910215
-8.764027265531372 -1.2325174032100001 -2.559008580239441 -1.8683278731612938
-31.831168899999824 -1.825109081779 -1.8415115113090001 -26.34506764882369
-1.5358487142100001 -3.160605779 -1.232597479 -0.31
0.0 0.0 0.0 0.0
-29.706927 0.0 0.0 0.0
-5.83524659003697 67.8414392307447 33.331751296640924 -4.299151873132269
-0.05562184320530522 66.47747093796424 -1.5392655607408319 23.060115093750117
111.70625872941899 16.613314917324633 22.620471591299548 35.93584771701655
-435.59123108617496 62.16111028613882 10.287624129983842 20.928449945209746
60.52659942482378 88.8085509956572 60.45178640724235 52.78044486194017
150.59564008949312 41.77387622438608 7.20765047029764 65.19417391620495
148.64986221960493 123.3319770194822 110.50589314518191 114.92196971062727
24.682080384027753 65.31616697228995 23.9599557685848 116.81425990747647
109.43993114218848 216.78549524255155 132.06373075276474 125.57874898880317
126.69425153902672 200.966259663211 235.53810120138598 187.04951525447626
157.69398804659963 172.61401671381518 241.99164293525354 188.74426183338227
161.30404841963167 155.12538369012964 214.89003566118552 150.68078309047573
91.13520839072962 106.02812959243344 177.40656035665805 162.2828649339278
-10.344899945736733 21.341276938481997 147.19195059928148 90.38503365850825
-13.933656212569844 -5.20622134717898 -3.5695699248083215 28.91652105427433
-3.546030051259054 -4.049744867019369 -22.550056119807376 -0.6240998890048338
-29.05600477711366 -6.397957207046679 -0.923521 -2.3941594998026727
-1.2424303008301 -13.34076907164404 -3.551269603861811 -0.9262831
-0.8839957387117605 0.0 0.0 0.0
0.0 0.0 0.0 0.0
51.21935458271283 -21.427553924654326 59.680712166045545 -19.6413
-13.017821885526104 -16.757738689996433 62.18416303005252 -24.029157666631953
85.70784475130189 54.56318965415058 60.60163681872057 64.87270521928087
111.41309834814369 107.87768357332322 64.72512319120267 76.12040605054653
-349.69503929946427 90.25803839937063 67.72828620434267 89.14681505109706
95.61286337846758 88.09616887418062 91.0648095431879 50.23534860882716
103.63718794978193 131.75559703055706 134.17210117481883 91.71318432502967
120.2986300621342 95.22865022099325 133.72954671632698 146.39880949005757
126.03907827462226 132.4154977539019 192.09657363662348 104.8785780560654
123.14770303976523 108.99178964927306 129.89801031029984 142.34465265346873
118.49066523708166 193.4323477770972 156.65070695911967 138.53082965471867
144.24204727745166 109.46182833744471 192.55142657479058 154.93560919708554
82.15594285659135 42.977524598091634 155.9358020738765 113.80121575770913
-25.841533229019582 -32.43318783566513 -8.807191147603351 154.42612839360638
-27.891497682989552 -3.195276411957822 -5.6406572811933895 17.78337148008966
-33.57730224538897 -4.610331807524309 -1.431547868569 -1.7567713914005623
-20.4373 -0.9317796790000001 -6.451043131812948 -1.2429438764863239
-6.397957207046679 -6.235991088359326 -0.9263330689 -4.660620902484882
56.27722271151401 0.0 -4.6048090960588555 -0.6831494016899481
-1.4521771004873807 1.0637156177161733 -60.09988656517301 6.519592276736631
36.53446324376672 116.44813712156387 49.599083883267554 0.3295644394068041
75.89186218723783 95.81720520925919 50.29101791167704 53.65207146780352
89.06578242199296 97.27431375398186 70.78608367944835 59.728222572073925
72.31687134226102 129.81449369971128 124.98750670304428 60.85097252768897
85.15085067087576 92.9757575659375 88.50084006615226 115.58407117648598
71.83559936692254 73.81573010828332 71.61456644418317 112.56550535936424
64.88026195800794 62.4887214403157 84.95504087335608 142.83264373167685
62.35689974812193 52.27726967375728 112.85249583776407 65.03106326815285
120.35014642984723 121.95906040100289 179.057048757907 102.86924352275307
106.89240149314129 149.63382905424544 85.50249551940624 108.81775727234199
141.67098935085724 137.15652805223914 184.55367788065956 119.60113006798123
129.83320564273708 133.88724795458887 131.78782449127664 131.95624528293175
115.08572386887762 142.4548101153232 84.18510293245664 158.844474067491
33.478802920795275 27.286024616990275 10.580507734835917 158.55499503403547
-26.515503231381153 -33.80899612830171 -15.17567463482851 13.528889631649157
30.16852944431553 -67.81613603976086 -31.467856623735393 -20.184355672478375
0.0 0.0 0.0 0.0
80.365065528524 -2.37608 -0.31 -594.2897538470529
70.98107254051286 -18.01959715565629 -6.091504194571359 -13.315209141954345
25.725728096244325 83.64479372118798 -18.37821967101059 -29.953282826019958
19.705549545022418 87.5341888589114 104.20818760698073 44.19841147389055
118.6430419381156 58.50776671152162 72.29638407366662 34.27054001307914
147.6129924493361 85.18640996200878 65.97484973308826 75.05767516814446
90.25103345011318 75.72398373624178 106.69841675065547 115.22038549420589
65.217080635684 91.91453890842318 88.24836385153604 61.1064659023986
54.867808114794535 58.65256818916908 79.17293232531216 88.60194275186345
69.77252940207892 82.86341014385924 64.2578873955295 68.83446076586685
71.07276802142431 112.43868916584266 94.18908019943812 82.45559320216361
86.4660852191321 87.75560770987622 126.44669683314194 89.12466233539101
105.42939535820929 115.1772148595748 109.20422808842754 108.18284405841464
92.85540753386059 112.99340682864096 179.96628212271548 108.9872994994949
129.92125790709107 112.18474884850191 100.43725171176607 102.25636091705432
44.71154597153806 83.72645674723951 152.31057915152178 72.22161519537337
34.121768751896646 -2.864784368025586 -6.617211422685293 101.45526950417526
-185.5221584972697 71.71735979923781 -31.925955709034515 -181.0856294608305
95.69581895807332 113.30745500636951 -8.611776306398786 42.49436558057955
141.4057617537135 74.40152168467631 -989.8228359883354 105.54313541593798
78.13438513349293 14.835410740268058 81.19102493819418 7.35504249794233
151.8292459356363 1.814058100236784 -14.456525323775297 12.469561191421283
-4.136850189282097 114.49640231625136 -11.655112903986442 -940.9940765048605
67.44469042306277 41.6596411523548 109.26572207062227 16.826640752494047
101.4829064418061 121.29951415622237 21.466556620398574 107.31646663368595
120.55441216461719 132.88873765925072 111.41649027587462 127.08157162134518
80.74476508747459 102.51233483940626 110.75465841552297 118.44609769271564
79.78299135529893 74.27554072220696 86.30228752087584 89.7783235488821
-996.8909228958518 87.83120884147105 62.92618487330235 94.6933284770631
49.35313724098673 24.648316076378087 99.3102880317436 65.19511422962849
72.23876957451537 -23.299121124012093 -44.078512902803624 -28.83569428822925
-30.140070543252495 -21.710905106413062 126.21046946337923 -30.100302977393987
108.75886500403097 115.58450681050364 104.48045556147412 92.1394754806773
111.23111373724286 108.22973020049007 153.3717722962619 109.14823913321585
107.41342185871903 78.70069915182283 110.30250222824482 147.03399831603917
64.1079583525767 17.35409643259413 105.50704174991904 84.36441401100514
28.93272549095722 -12.85868520920645 -26.823953963578337 0.025308212094506954
-19.73601421572939 89.63012344622024 -8.721634638009146 -39.22888544099532
-1.4040855054032588 7.236492604547076 102.32173917082679 7.66261532839329
5.976382611987979 43.00032333671942 147.5373042064596 45.51416925703143
-42.88611779648318 15.998308271871114 15.63023313520496 85.02343762799975
136.29471326037708 127.41640760755544 138.09321190380876 58.84273573631411
129.16451321702584 139.90302283276841 114.2122125287005 129.20731769459812
60.167362899758935 99.41138414315431 95.24976504033653 121.98385447908657
109.37790903543528 107.12523696415874 96.81820036683658 79.95571978641863
52.01960760735701 92.04776097523221 119.50490240543844 13.304211041742557
77.35000667354834 105.82036519096353 117.12996391236516 109.14445627981482
-25.108340122027016 -991.8133834608408 42.91908053224889 115.24770868127773
0.0 0.0 0.0 0.0
41.25932666087578 -21.911223493408052 98.38457595550715 -112.59259212931589
72.73928379925665 -59.732831524378675 -32.66848257942039 -27.308116398128867
77.35759192532812 -34.54496085156455 -53.261283924112476 -50.50207290483883
94.3537478054056 80.02063624055994 101.8043484982138 61.585470041931934
103.98253480402354 109.4642825725987 119.8316589250484 92.7944562861277
91.92711978051096 92.95496850301333 115.61792221680437 83.82472554777524
-6.553272827425486 4.453015671121591 96.08686071860707 21.669121058887157
0.35572873431799357 -31.85666149472547 -14.527238649707671 99.16625658330021
-9.047778885384364 -27.14389884460599 74.7808654557614 -25.84339901076763
7.096160404941835 2.233225715100819 65.07775551291488 -0.7720055428845389
-27.016908269483242 -60.36396105047914 -28.69948866434385 42.850986056142894
-51.95525205520406 -42.00488454270959 0.32468743733437616 -54.51027969335084
82.2538109317525 145.62822045176037 94.01941401290894 61.073870137523826
70.20396303370372 83.74843699734333 124.94017628795433 129.07133944979918
66.6974279900547 62.92433215543128 74.43991146140442 88.37839097929931
2.054725293196614 -316.95008059946593 32.655128322208114 71.29710319441241
36.91395686344898 64.84643491502477 96.52446392615565 69.62723239483394
31.980922262243933 70.71865352340825 50.68107181911042 105.73648110280575
29.489904434182197 40.26255672092237 115.66380714617964 78.47033953538123
25.89660980294522 22.038689837754323 -991.602868808814 60.46398581506138
17.462129684071908 55.687950131849554 78.00902019036481 45.01031579309463
51.26060210768596 -0.6549716536792262 42.32939635799149 90.30353852910929
15.129360767994651 -19.018455756520986 -16.98321574448829 82.25440502894877
72.23792155697545 80.1825286530392 96.58942271202187 80.83319749700853
103.56862464596054 88.6569298060912 94.65271727931301 54.43206995172577
40.560482673439886 84.18133691324215 110.69924549385233 87.25979219860866
77.36831559986376 77.80789309993197 56.42588590688511 113.08417830915286
68.90898935190606 59.043343471421906 47.71711183376198 112.39574151571293
40.63064145731856 37.38000891374636 60.00609850069033 57.97412837901701
-18.00637238847977 -17.914725346258354 51.20718700457745 -24.94799092345644
-42.38417676758762 -31.783470326027466 -36.2126488385555 21.806129093305742
-33.05974864260673 -107.74309429773564 -56.00570102179745 -33.41789083192807
71.59985688786007 84.31229692301845 -154.91364727298256 -73.65423501818
5.741780887319398 31.34907935571557 119.59286799094819 60.46563202727352
-27.725785453598256 71.17381308523012 -15.534193178869742 -51.07116717858657
-58.00946054255973 84.62682276194843 4.566104132955717 -20.220510558428437
6.7419992120585235 60.260472675919736 75.16288953571788 -12.828922605226333
-33.51770902140134 0.27178588488292293 38.42746784503185 -1.5175333486297635
-74.21291055574137 -34.752346961000804 -11.801157500534524 0.09355433204124403
-14.130524008162848 32.87877767464677 7.922161097016419 8.583894100240355
-36.00080491843019 -15.074580038330868 61.42966202056514 -10.586838269678427
-90.47875680133652 -52.561812737650655 80.15658752759425 39.13182694358156
-25.22330463914079 -8.990027574935569 -46.982687821723545 84.95300558631405
57.59322830759037 72.67446078056602 54.14226352215328 85.77579677184588
91.45958065994836 46.61038293482724 105.06178901595791 94.8657282866875
36.17471347716842 59.781422552310474 81.89176124217127 75.51493037709851
83.47815830794153 100.4449742080594 90.48103799440536 79.6129233716784
49.26216294389511 37.204413989789906 102.66338273260565 57.55561599570441
-38.034130854932165 -66.52421616090597 62.1467287038172 -538.7421444857051
-78.30872618044107 -69.15515151337786 -27.157998530435602 -42.40213658383408
-57.36202664818636 -47.27321987385248 -55.22842622202873 -59.83770493634064
-68.79646723375706 -90.40957445959427 -23.767086521711803 -34.727188105323926
