[[0., 2., 0., 0., 0., 0., 0., 0., 2., 0., 0., 0., 0., 0., 0., 0., 0., 0.,
  0., 0.],
 [0., 0., 0., 0., 0., 0., 0., 0., 0., 0., 0., 2., 0., 0., 0., 0., 0., 2.,
  0., 0.],
 [0., 0., 0., 0., 0., 0., 0., 0., 0., 0., 0., 0., 0., 0., 0., 0., 0., 0.,
  4., 0.],
 [0., 0., 0., 0., 0., 0., 0., 0., 0., 0., 0., 0., 0., 0., 0., 0., 0., 4.,
  0., 0.],
 [0., 0., 0., 0., 0., 0., 0., 0., 0., 0., 0., 0., 0., 0., 0., 3., 0., 0.,
  0., 0.],
 [0., 0., 0., 0., 0., 0., 0., 0., 4., 0., 0., 0., 0., 0., 0., 0., 0., 0.,
  0., 0.],
 [0., 2., 0., 0., 0., 0., 0., 0., 0., 0., 0., 0., 0., 0., 0., 0., 0., 0.,
  0., 0.],
 [0., 0., 0., 0., 0., 0., 0., 0., 0., 0., 0., 0., 0., 0., 0., 0., 0., 0.,
  0., 0.],
 [0., 0., 0., 3., 0., 0., 0., 0., 0., 0., 0., 0., 0., 0., 0., 0., 0., 0.,
  0., 0.],
 [0., 0., 0., 0., 0., 0., 0., 0., 0., 0., 0., 0., 0., 0., 0., 0., 0., 2.,
  0., 0.],
 [0., 0., 0., 0., 0., 0., 4., 0., 0., 0., 0., 0., 4., 0., 0., 0., 0., 0.,
  0., 0.],
 [0., 0., 0., 0., 0., 0., 0., 0., 0., 0., 0., 0., 0., 0., 0., 2., 0., 0.,
  2., 0.],
 [0., 0., 0., 0., 0., 0., 0., 0., 0., 0., 0., 0., 0., 0., 0., 3., 0., 0.,
  3., 0.],
 [0., 0., 0., 0., 3., 0., 0., 0., 0., 0., 0., 0., 0., 3., 0., 3., 0., 0.,
  2., 0.],
 [0., 0., 0., 0., 0., 0., 0., 0., 0., 0., 0., 0., 0., 0., 0., 0., 0., 0.,
  1., 0.],
 [0., 0., 0., 0., 0., 0., 0., 0., 0., 0., 0., 0., 0., 0., 0., 0., 0., 0.,
  0., 0.],
 [0., 0., 0., 0., 0., 0., 0., 0., 0., 0., 0., 0., 0., 0., 0., 0., 0., 0.,
  0., 0.],
 [0., 0., 0., 0., 0., 0., 0., 0., 0., 0., 0., 0., 3., 0., 0., 0., 0., 0.,
  0., 2.],
 [0., 0., 0., 0., 0., 0., 0., 0., 0., 0., 0., 0., 0., 0., 0., 0., 0., 0.,
  0., 0.],
 [0., 0., 0., 0., 0., 0., 0., 3., 3., 0., 0., 0., 0., 0., 0., 0., 0., 0.,
  0., 0.]]
{'agent_position': array([14, 18], dtype=int64), 'total_reward': -24509, 'water_resource': 194.5, 'food_resource': -0.5, 'danger_positions': [array([10,  6], dtype=int64), array([ 2, 18], dtype=int64), array([10, 12], dtype=int64), array([ 3, 17], dtype=int64), array([5, 8], dtype=int64)], 'num_step': 232}
