0.0 0.0 0.0 0.0
0.0 0.0 0.0 0.0
0.0 0.0 0.0 0.0
0.0 0.0 0.0 0.0
0.0 0.0 0.0 0.0
0.0 0.0 0.0 0.0
0.0 0.0 0.0 0.0
0.0 0.0 0.0 0.0
0.0 0.0 0.0 0.0
0.0 0.0 0.0 0.0
0.0 0.0 0.0 0.0
0.0 0.0 0.0 0.0
0.0 0.0 0.0 0.0
0.0 0.0 0.0 0.0
0.0 0.0 0.0 0.0
0.0 0.0 0.0 0.0
0.0 0.0 0.0 0.0
0.0 0.0 0.0 0.0
0.0 0.0 0.0 0.0
0.0 0.0 0.0 0.0
0.0 0.0 0.0 0.0
0.0 0.0 0.0 0.0
0.0 0.0 0.0 0.0
0.0 0.0 0.0 0.0
0.0 0.0 0.0 0.0
0.0 0.0 0.0 0.0
0.0 0.0 0.0 0.0
0.0 0.0 0.0 0.0
0.0 0.0 0.0 0.0
0.0 0.0 0.0 0.0
0.0 0.0 0.0 0.0
0.0 0.0 0.0 0.0
0.0 0.0 0.0 0.0
0.0 0.0 0.0 0.0
0.0 0.0 0.0 0.0
0.0 0.0 0.0 0.0
0.0 0.0 0.0 0.0
0.0 0.0 0.0 0.0
0.0 0.0 0.0 0.0
0.0 0.0 0.0 0.0
0.0 0.0 0.0 0.0
0.0 0.0 0.0 0.0
0.0 0.0 0.0 0.0
0.0 0.0 0.0 0.0
0.0 0.0 0.0 0.0
0.0 0.0 0.0 0.0
0.0 0.0 0.0 0.0
0.0 0.0 0.0 0.0
0.0 0.0 0.0 0.0
0.0 0.0 0.0 0.0
0.0 0.0 0.0 0.0
0.0 0.0 0.0 0.0
0.0 0.0 0.0 0.0
0.0 0.0 0.0 0.0
0.0 0.0 0.0 0.0
0.0 0.0 0.0 0.0
0.0 0.0 0.0 0.0
0.0 0.0 0.0 0.0
0.0 0.0 0.0 0.0
0.0 0.0 0.0 0.0
0.0 0.0 0.0 0.0
0.0 0.0 0.0 0.0
0.0 0.0 0.0 0.0
0.0 0.0 0.0 0.0
0.0 0.0 0.0 0.0
0.0 0.0 0.0 0.0
0.0 0.0 0.0 0.0
0.0 0.0 0.0 0.0
0.0 0.0 0.0 0.0
0.0 0.0 0.0 0.0
0.0 0.0 0.0 0.0
0.0 0.0 0.0 0.0
0.0 0.0 0.0 0.0
0.0 0.0 0.0 0.0
0.0 0.0 0.0 0.0
0.0 0.0 0.0 0.0
0.0 0.0 0.0 0.0
0.0 0.0 0.0 0.0
0.0 0.0 0.0 0.0
0.0 0.0 0.0 0.0
0.0 0.0 0.0 0.0
0.0 0.0 0.0 0.0
0.0 0.0 0.0 0.0
0.0 0.0 0.0 0.0
0.0 0.0 0.0 0.0
0.0 0.0 0.0 0.0
0.0 0.0 0.0 0.0
0.0 0.0 0.0 0.0
0.0 0.0 0.0 0.0
0.0 0.0 0.0 0.0
-20.1 0.0 0.0 0.0
-20.1 -20.1 0.0 0.0
-20.1 -20.1 0.0 0.0
-20.1 -19.700000000000003 0.0 0.0
-20.1 -18.1 0.0 0.0
-56.662099999999995 0.0 0.0 0.0
-20.1 -20.1 0.0 0.0
-20.1 -20.1 0.0 0.0
-20.1 -20.1 0.0 0.0
-39.999 -25.0 -20.1 0.0
0.0 0.0 0.0 0.0
0.0 0.0 0.0 0.0
0.0 0.0 0.0 0.0
0.0 0.0 0.0 0.0
0.0 0.0 0.0 0.0
0.0 0.0 0.0 0.0
0.0 0.0 0.0 0.0
0.0 0.0 0.0 0.0
0.0 0.0 0.0 0.0
-20.1 -21.909000000000002 0.0 0.0
-39.999 -21.909000000000002 -20.1 -20.1
-39.999 -21.909000000000002 -38.19 -20.1
-20.1 -21.909000000000002 -20.1 -38.19
-21.800918312938336 -39.80858268712926 -20.1 -20.1
-38.00288514000549 -39.059 -19.700000000000003 -20.1
-38.19 -39.96300000000001 -34.39 -20.1
-20.1 -20.1 -37.43000000000001 -19.700000000000003
-20.1 -20.1 -20.1 -20.1
-20.1 -20.1 -20.1 -20.1
-39.999 -25.0 -38.19 -20.1
0.0 0.0 0.0 0.0
0.0 0.0 0.0 0.0
0.0 0.0 0.0 0.0
0.0 0.0 0.0 0.0
0.0 0.0 0.0 0.0
0.0 0.0 0.0 0.0
0.0 0.0 0.0 0.0
-20.1 -21.909000000000002 -20.1 0.0
-39.999 -21.909000000000002 -220.10000000000002 -20.1
-39.999 -40.155249000000005 -20.1 -38.19
-43.28679000000001 -39.999 -38.19 -39.999
-41.533461800931 -39.8915034687805 -39.999 -39.999
-38.26334019154342 -38.19 -38.19 -41.61742531219025
-59.03742051307134 -37.454777065290074 -38.19 -40.16084253121903
-25.089188359067016 -39.96300000000001 -39.04358268712926 -39.999
-20.004433851 -20.1 -39.239000000000004 -21.909000000000002
-20.1 -20.1 -20.1 0.0
-20.1 -39.999 -20.1 0.0
-39.999 -21.909000000000002 -20.1 -20.1
-38.19 -25.0 -39.999 -20.1
0.0 0.0 0.0 0.0
0.0 0.0 0.0 0.0
0.0 0.0 0.0 0.0
-18.1 0.0 0.0 0.0
-19.700000000000003 0.0 0.0 0.0
-20.1 0.0 0.0 0.0
-20.1 -21.909000000000002 0.0 0.0
-39.999 -21.52459409756112 -38.19 -20.1
-36.14375049396624 -40.08103804659 -38.19 -39.999
-40.84612415945023 -56.21439 -56.28 -39.999
-75.01832068082791 -39.41733702365532 -39.999 -58.88010000000001
-56.97822876461311 -54.170013212897885 -38.19 -38.19
-59.07899074202395 -60.28698974816446 -55.623900000000006 -52.09445285493553
-57.088302559975226 -57.64410954713938 -70.34889748164451 -59.49025529521236
-55.431005471393796 -35.571 -41.18353820772189 -62.829644323599766
-39.991710000000005 -20.1 -20.1 -40.63066220004028
-39.999 -20.1 -20.1 -20.1
-19.700000000000003 -20.1 -20.1 -20.1
-39.70102582278578 -20.1 -20.1 -20.1
-20.1 -25.0 -38.19 -20.1
0.0 0.0 0.0 0.0
0.0 0.0 0.0 0.0
-20.1 -18.1 0.0 0.0
-72.81026 0.0 -19.700000000000003 0.0
-20.1 -20.1 -20.1 -18.1
-20.1 -21.909000000000002 -20.1 -19.700000000000003
-39.999 -21.909000000000002 -20.1 -20.1
-40.578883219556914 -21.508459056175568 -38.19 -38.19
-35.696229070703794 -39.87980518355022 -52.675131505580104 -38.19
-40.816979018798875 -61.03230903270202 -59.457468000000006 -56.74021627536335
-59.634136781429454 -58.24628459931 -71.2410903270201 -59.69901
-40.09245426315413 -75.9725277899004 -57.444913521422805 -57.82655092269991
-58.793976441289004 -62.652623999003836 -75.70790832605624 -59.559244103697175
-78.59932727223833 -75.00527151108692 -71.59428387805009 -59.53207576258036
-74.24046849073801 -59.685231900000005 -58.06569243705492 -62.07419378561002
-39.96300000000001 -39.96300000000001 -39.92575526529009 -59.67966341978051
-39.059 -37.43000000000001 -39.999 -39.999
-34.273 -19.9168632036402 -20.1 -21.909000000000002
-34.81025822785778 -20.1 -20.1 -39.059
-20.1 -25.0 -20.1 -20.1
0.0 0.0 0.0 0.0
-20.1 -21.873000000000005 0.0 0.0
-39.999 -21.329 -37.43000000000001 -20.1
-41.5947 -39.96300000000001 -34.39 -38.19
-20.1 -21.909000000000002 -37.43000000000001 -19.700000000000003
-38.19 -21.909000000000002 -20.1 -20.1
-199.10000000000002 -41.20953751591704 -38.19 -38.19
-48.26090609244558 -54.11879006349309 -39.991710000000005 -55.623900000000006
-54.95231321035202 -61.78961440697957 -54.066792890077465 -55.551
-60.496478897204554 -58.17579106030034 -73.67686826478271 -64.09083164125974
-60.7761539306366 -59.070786902984594 -58.9112842277379 -72.8506383898052
-70.81134137068543 -73.97286520356289 -57.02132934002661 -60.01221159847353
-220.10000000000002 -72.69096377643709 -78.13198124189505 -63.1496625719021
-59.572315721356624 -76.30162134597944 -76.59473537573163 -87.95857305151192
-57.328745065332 -74.42830754729651 -61.93577476435157 -75.78092424178553
-54.978555374687076 -49.10600310831889 -39.999 -43.498031926964615
-41.11988362316503 -33.111052300000004 -56.244 -21.3842439
-135.5227868802721 0.0 0.0 1.3
-21.317391426701516 -20.1 -39.23400000000001 -23.499947
-20.1 -25.0 -20.1 -39.1661
-20.1 -39.999 0.0 0.0
-39.999 -39.999 -38.19 -20.1
-39.999 -38.19 -39.999 -39.999
-40.16181 -39.999 -37.43000000000001 -39.999
-40.02063499501946 -20.1 -20.1 -20.1
-58.07091 -220.10000000000002 -20.1 -20.1
0.0 0.0 0.0 0.0
-59.53620000000001 -60.57883451859314 -69.66816973805766 -596.471
-61.191219190343645 -57.9756691593528 -56.08995055364592 -90.29926640162073
-60.00898443510883 -76.19260712876797 -71.25854877346899 -78.24181836086939
-79.55822987415986 -73.94387774349924 -75.90481328792765 -59.51909960002132
-64.72773282498213 -834.2344100000001 -88.83094518073133 -76.44286558973923
0.0 0.0 0.0 0.0
-60.47848879268447 -59.26943840746938 -77.58719099209553 -199.10000000000002
-46.4073167983919 -54.83473079312921 -58.09876326072386 -61.33503027430956
-21.015384103844426 -52.91013015037509 -53.06091824333849 -40.50509164889546
-51.26623188655236 -36.38097760289391 -53.47229386027827 -48.38739694746832
-84.47710085640674 -75.71046037588282 -77.87928205653422 -70.43681495497533
-27.9603 -41.33016779424581 -33.98441036179316 -43.54636570510558
-36.08645326939791 -25.0 -39.96300000000001 -34.00329017991113
-40.16181 -21.909000000000002 -38.19 -25.0
-41.627100000000006 -39.999 -39.999 -20.1
-59.5567408843805 -39.999 -39.999 -39.999
-45.30055150437141 -39.999 -56.28 -41.627100000000006
-39.059 -39.999 -38.19 -40.59126990038919
-40.16181 -21.909000000000002 -54.471000000000004 -39.999
-39.999 -42.839157977414885 -220.10000000000002 -39.999
-52.017923971077366 -62.6526414929949 -61.738525947611535 -56.37472721800343
-78.76026009347278 -80.70386643884895 -76.3980784678407 -83.57427517429682
-84.01475720163847 -78.97674490558379 -94.51825575786349 -87.46829492426095
-89.48530075976291 -89.24893840757785 -91.44461527946532 -97.91141973141974
-97.14328216865526 -89.42345737172668 -91.32606015899756 -97.1702880878897
-101.08873327239937 -101.76452324319762 -378.2900000000001 -97.06420612059189
-83.67715022721066 -87.5350574705935 -73.61349804691565 -82.98544067181797
-59.573314844045484 -50.09937529863585 -64.52763288436273 -64.53997534270988
-74.53481661828516 0.0 0.0 2.8040832150700004
-67.99711100234082 -49.83230737094128 -47.58475449161909 -47.371080470223035
-70.4772034237759 -56.03925747415652 -64.57850357818582 -51.42063176743066
-106.05903747000768 0.0 0.0 -20.427333609325803
-46.787218716954825 -52.376817 -46.29588673167666 -56.392953000000006
-39.999 -41.703172851000005 -56.28 -49.75
-40.75972851 -39.999 -56.28 -38.19
-39.737100000000005 -58.20791884380496 -58.07091 -39.999
-39.239000000000004 -39.39323520024254 -59.86638601260843 -57.050620024254414
-34.39 -39.96300000000001 -38.19 -41.57803933715971
-39.239000000000004 -62.77611900000001 -38.19 -55.19600000000001
-79.32277632261543 -60.64056935751428 -56.28 -59.467800000000004
-58.65505804873898 -90.66917345810232 -59.529639 -75.8172
-89.64668653948165 -98.9642470043664 -103.48151605613914 -94.54092521633439
-102.14486908810285 -95.87874771229123 -102.90224899787997 -110.52250600998207
-98.45831486774233 -101.18638590695879 -106.03023698527852 -112.0085891980356
-113.78033823795752 -139.60803077599954 -115.06347819194497 -108.20149738539433
-118.11236710872534 -129.88658801453138 -123.97189205269699 -119.68011592400919
-92.52098785534432 -119.79527324372654 -95.37178564568408 -90.18540157753807
-90.34257564952907 -98.12773411341321 -104.48463222667007 -104.56419219324775
-194.13696933741267 0.8552377730851413 0.0 0.0
-114.72395749707908 -100.44690405264299 -90.26485128440504 -99.17044464302273
-87.42770347055009 -74.14366632030442 -84.83403994546133 -95.16228648239357
-146.18019801331255 -82.25240957396615 -48.5613 -2.056766135695892
-82.17793621448392 -98.67413563291831 -96.56706527807327 -77.65035243437593
-40.440000000000005 -56.186013 -58.34910000000001 -49.75
-59.463300000000004 -40.607040000000005 -55.55238510000001 -60.09591
-41.52801000000001 -39.059 -57.179100000000005 -38.109
-21.873000000000005 -34.39 -38.19 -39.737100000000005
-173.59225477555492 0.0 -19.700000000000003 0.0
-40.16181 -41.5947 -59.43540000000001 -49.051
-79.27279495229443 -63.50928030801127 -77.37671154575143 -72.47150000000002
-78.86622986506487 -88.83977715058387 -75.72258822438651 -77.42901900000001
-109.10254709876523 -120.35487351146541 -113.85238122335986 -100.6885329540987
-116.95328077113687 -121.022641343612 -111.50127590810852 -131.38345211223364
-135.73321125007712 -119.95383341223503 -128.56807910205526 -136.91372980675635
-146.55282655301875 -156.7666785714971 -149.29335266100588 -140.35165425782097
-177.0263518654169 -158.0844566108179 -163.78884604417732 -165.54206225223425
-315.6483385369071 -121.20313729211782 -87.21466686979579 -111.76537097661739
-170.76131442077627 -176.53512610451313 -173.24112212205503 -171.08248905793246
-347.2721958563876 -186.92201783598495 -79.8655178476413 -216.36251535411859
-168.718959369683 -173.35713328444353 -175.18568154392256 -172.9973475003519
-188.0737618042954 -174.14200216140634 -173.33192474465872 -171.0253239402704
-410.5471939202501 -166.99880490938142 -55.152364920709815 -237.73726873939623
-153.58806719712655 -148.21356843368147 -142.27373707494837 -143.37469205187782
-59.99426156100001 -62.48733051000001 -56.28 -49.75
-59.6261829 -59.7136629 -75.3261051 -59.71307241
-61.471208271 -59.834268300000005 -57.8352 -60.206880000000005
-58.605267000000005 -64.770544979 -55.19600000000001 -55.289100000000005
-93.65574842490001 -93.91294370507893 -84.809179 -83.687106
-97.84769689364458 -81.27105530066908 -74.29256 -61.59176000000001
-81.0762092074324 -84.67187267305121 -94.869291 -97.00515068767714
-109.93362359061513 -99.5015367190939 -92.00602033294345 -95.16623193283597
-112.61118219871591 -116.64147203677014 -124.80897528987612 -123.79045636163643
-118.97906976915851 -139.23251613410886 -129.7524906641811 -134.03495592653312
-154.49812138570286 -173.4428950934808 -159.7845041650636 -152.07676099600513
-192.8283158894273 -188.21422232841277 -190.77929818862305 -187.7658087398178
-224.77088648911513 -239.8925043406798 -229.65960883039756 -222.08429919529013
-295.6014164321616 -258.4241336033565 -242.91230253681607 -277.8395110917799
-240.9756798745772 -249.8404159974029 -243.62377553310083 -240.2154505877403
-262.50747730935285 -284.0228832084797 -235.4081047644589 -275.5862679712016
-228.39640673177615 -216.62306405711033 -221.45778481479422 -217.73060342691784
-235.7758805058829 -242.9405158017372 -224.1525618361342 -233.5510868591548
-326.18048305595426 -275.4543569965202 -230.8402251155721 -291.4281135631474
-228.87512421876954 -235.7440100552616 -232.98541948293354 -231.1842707784602
-60.576600000000006 -62.75026461 -74.621397 -94.791956461
-58.89200700000001 -61.245875100000006 -74.35191 -76.2287529
-58.064349 -62.77611900000001 -76.00648971 -76.632951
-77.80618902 -64.269107031 -59.37384900000001 -77.3640651
-97.22817449157988 -79.05500652 -75.6393506 -79.020339249
-92.88671345006493 -79.04577503743724 -78.1555611 -95.112314049
-100.29129325735273 -95.91747584769993 -98.55682330291864 -91.99719920580429
-107.55499755922915 -101.99907566204584 -99.30925819385075 -109.63154431462874
-123.56627680244604 -139.53218896066033 -128.09436775347018 -123.60449718374905
-134.900748453955 -137.2221250070607 -134.83196399333295 -144.20501607528857
-182.2873101868848 -163.44537504745026 -165.78907782323412 -172.54896260126444
-204.15972068855842 -188.85691501946997 -206.53666539430205 -193.872125068216
-222.6510276197347 -227.2911300568105 -234.75737562555406 -220.17917000263208
-227.06888285676712 -243.3284898041309 -233.08411207802448 -245.92205064336113
-231.8667209801476 -219.56507270834732 -231.88789429474798 -215.72387650257755
-237.67430681957558 -236.03848596592266 -225.39112019249092 -223.56773187651137
-236.80014436021762 -238.59801778711915 -222.6898182825239 -237.96173015552677
-231.13405063751557 -230.4192096745633 -233.67262321868589 -233.01492613264733
-228.65270397436865 -241.80763889453053 -242.70677545365774 -240.9541105908917
-236.42951184679725 -235.9132085292933 -247.5863691914012 -234.92855936472498
-79.1755572 -78.873810249 -59.69901 -74.2525
-78.3004569249 -61.098690000000005 -77.42252361000001 -76.12432041
-59.692449 -62.93080551 -74.8742871 -78.98069550000001
-77.73554892 -83.7232822875154 -76.25309501999999 -93.03464181000001
-94.52006503159723 -82.65279073728884 -79.1708100249 -95.31031081552744
-104.67957353062128 -98.16143564522106 -78.52795164371327 -93.68674167642095
-115.67888773343311 -109.79678164310586 -109.07120579021144 -97.1201727774146
-131.4997259515868 -121.50334802570345 -125.96234101869821 -120.66480481752251
-141.5168948613859 -145.07591395334765 -140.58386356439505 -148.07676601541525
-160.93316759293873 -181.4072232117449 -163.10829023908627 -166.9631192898208
-185.23903186045663 -200.03386310813863 -186.9452920944661 -195.4577606809795
-208.2834790993086 -207.35848088402312 -212.15145008651996 -199.04956798470468
-198.75522209740507 -203.08892524906 -219.08287000846326 -210.5754151233855
-207.66747558604226 -218.96742778667664 -215.88979793000212 -220.00038527710075
-228.91029318558992 -227.69855954994262 -226.95548296922877 -216.45787542320386
-227.83189242892112 -235.75312361809037 -225.85752036522672 -234.7385489847203
-240.81481832796277 -235.45586156683572 -233.01838136953415 -228.58978565694918
-224.532547455578 -232.1493632736672 -232.19485188286706 -228.33581302960303
-221.51565744443616 -231.06079166957562 -213.5038174693068 -227.21425956327474
-219.93056344781473 -218.4068484521083 -239.12036927836513 -226.02235408295502
-79.3876191521737 -78.99467043000001 -73.3989 -74.2525
-75.53436185100001 -79.185623961 -79.313397249 -77.7162324223226
-79.48371710082108 -82.49462606029375 -79.1801339349 -78.717162
-98.39933823000001 -83.51160208820018 -96.54412530193746 -79.1784003
-92.77317920424346 -82.11908250859557 -98.51137094313697 -96.74154120000001
-107.34718195231169 -99.61520792140118 -91.33620249451717 -96.86344411159165
-114.0911154886063 -124.49482857068664 -125.10866938246043 -110.90691729298284
-145.31500289850123 -146.31639691136104 -134.0814270023621 -146.23750572740016
-174.72453884676906 -163.1850279081028 -161.79445312977347 -173.50837994540584
-182.97351319768228 -202.70511220910674 -185.49567356123083 -193.31836776523588
-214.38729725716792 -218.86407792650473 -203.75379105254447 -217.12988332498892
-222.93615457513224 -218.1729654646901 -222.24985265502644 -220.4329165994156
-434.6400982688187 -148.68073393222582 -178.97434815437708 -220.19737401990497
-203.4933760755914 -174.81004212386608 -203.6572568908579 -195.1324172028694
-219.08977194889985 -219.21090275395528 -222.8921380613931 -182.72789970768682
-219.8290672274605 -232.50527134883515 -227.2323029677904 -224.54342066256478
-236.92323168801556 -236.071807752991 -232.30469493353425 -229.9579429201778
-234.30750723245438 -239.56638875526974 -230.24493449504956 -225.7023000141957
-212.1611327900312 -217.2773202286653 -228.44180852073154 -211.15591130373596
-448.7971302781549 -206.61436396791257 -226.5174567154016 -169.26394101615185
-79.85632976793441 -82.02415249921077 -75.6264 -73.21209999999999
-77.7469369801197 -95.95249545823589 -79.05490644223227 -81.03358568082109
-86.16479028173777 -91.13901841203446 -97.0390280937 -82.05828500821079
-97.42415660864259 -100.25994368049378 -98.57880973063283 -85.44458440348708
-93.62867911245785 -100.80775541904875 -98.52629348454371 -96.62285271000002
-122.34061183398403 -99.11650405079993 -97.47036639771592 -115.24771055430588
-104.74167437357372 -106.4688502230114 -114.7605412459153 -117.01549889343679
-128.81618359235037 -137.80406767971598 -141.84008377349494 -134.43248113314985
-181.58487546569887 -185.33696013774053 -186.5685734603321 -181.86134735561885
-208.79879281706098 -198.36806763878457 -213.77748793508866 -204.8066626797969
-229.22511256622334 -222.17882685259696 -237.87624610252647 -234.38321178128814
-262.4304020192669 -257.9796951204114 -249.53921181491623 -263.1057714775123
-315.6878034168791 -319.9760487255985 -314.3926236664472 -323.32638314462366
-248.1938577725465 -255.8091532464923 -241.38988422518722 -277.7920213133621
-233.58274082151672 -233.40983479691226 -232.87624072535144 -250.78428562144003
-224.60476769493752 -239.16412627052196 -238.008375570873 -234.74916385817536
-236.95144862074247 -256.14478854421344 -242.1593964215326 -243.38135765422058
-259.5878748633554 -259.0126626705492 -248.63039838316573 -251.21937055098562
-248.7146533242058 -262.85239954205935 -265.54948192273457 -273.7243914964772
-397.0234006431645 -316.5639439551234 -312.370003712652 -323.02417448936467
-77.02351000000002 -76.52906067287962 -74.6182961796024 -58.1902329901223
-77.89848200282623 -78.5137543502209 -94.35141553443353 -63.225314336232714
-98.8040879357647 -85.1059913517056 -112.53236386471431 -79.67116443754318
-100.43756484779422 -99.6366136402005 -104.67258979534665 -97.8276715401063
-117.34148000654366 -108.65810363367532 -97.53969040697214 -112.812897721999
-114.02120416057576 -108.95436886824561 -109.74541393507204 -116.65245641269989
-104.15280428437936 -116.98318325874004 -97.54014546278762 -114.67509368948718
-357.1164903267477 -191.69332998658854 -117.37874077883536 -109.65641113073151
-378.7586658227273 -290.665212364411 -257.58729454892904 -132.4342172548058
-218.09959194837268 -229.3660641115315 -228.54751883860024 -212.86350374688146
-249.48359998005233 -247.41929630283673 -245.83964287967694 -239.9419043541027
-269.7676194201541 -269.01985848257095 -257.48311736162145 -263.7769222748199
-290.48180468736655 -283.77033689969835 -290.5438035434877 -287.7919032701419
-245.04577180586125 -259.68307528894377 -254.79033148618993 -264.0016938889302
-242.017941397369 -242.3514961621934 -240.18856341808362 -257.59824851792104
-224.13243136561118 -225.1175705426801 -235.23126241323052 -240.5090812658713
-247.94082099934195 -228.93280425442356 -243.99691092864325 -244.77575180237523
-258.2779076748353 -261.5344533784012 -247.63965397870882 -256.44084471309645
-296.5825378803822 -292.5744002035076 -290.21433749958766 -277.66282659412263
-346.31990896963725 -325.21056902078124 -334.23674936682136 -337.3608477037411
