[[0., 0., 0., 0., 0., 0., 0., 0., 0., 0., 0., 0., 0., 0., 0., 0., 0., 0.,
  0., 0.],
 [4., 0., 0., 0., 0., 0., 0., 3., 0., 0., 4., 0., 0., 0., 0., 0., 0., 0.,
  0., 0.],
 [0., 0., 0., 0., 0., 0., 0., 0., 0., 0., 0., 0., 0., 0., 0., 0., 0., 0.,
  0., 0.],
 [0., 0., 0., 3., 0., 0., 0., 0., 0., 0., 0., 0., 0., 0., 0., 0., 0., 0.,
  0., 0.],
 [0., 0., 0., 0., 0., 0., 0., 0., 0., 0., 0., 0., 2., 0., 0., 0., 0., 0.,
  0., 0.],
 [0., 0., 3., 0., 0., 0., 0., 0., 2., 0., 0., 0., 0., 0., 0., 2., 2., 0.,
  0., 0.],
 [0., 4., 0., 0., 0., 0., 0., 0., 0., 0., 3., 0., 0., 0., 0., 0., 0., 0.,
  0., 0.],
 [0., 0., 0., 0., 0., 0., 0., 3., 0., 0., 3., 0., 0., 0., 0., 0., 4., 0.,
  0., 0.],
 [0., 0., 0., 0., 0., 0., 0., 0., 0., 0., 0., 0., 0., 0., 0., 0., 0., 0.,
  0., 0.],
 [0., 0., 0., 0., 0., 0., 0., 0., 0., 0., 0., 0., 0., 0., 0., 0., 4., 0.,
  0., 2.],
 [0., 2., 0., 0., 0., 0., 0., 0., 0., 0., 0., 0., 0., 0., 0., 0., 3., 0.,
  0., 0.],
 [0., 0., 0., 0., 0., 0., 0., 0., 0., 0., 0., 0., 0., 0., 0., 0., 0., 0.,
  0., 2.],
 [0., 0., 0., 0., 0., 0., 0., 0., 0., 0., 0., 0., 0., 0., 0., 0., 0., 0.,
  0., 0.],
 [0., 0., 0., 0., 0., 0., 0., 0., 0., 0., 0., 0., 0., 0., 0., 0., 0., 0.,
  0., 0.],
 [0., 0., 0., 0., 0., 0., 0., 0., 2., 0., 0., 0., 0., 2., 0., 0., 0., 0.,
  0., 0.],
 [0., 0., 0., 0., 0., 0., 0., 0., 0., 0., 0., 0., 3., 0., 0., 0., 0., 0.,
  0., 0.],
 [0., 0., 0., 0., 0., 0., 0., 0., 0., 0., 0., 0., 0., 0., 0., 0., 0., 0.,
  3., 0.],
 [0., 0., 0., 0., 0., 0., 0., 0., 0., 0., 0., 0., 0., 0., 0., 0., 0., 0.,
  0., 0.],
 [2., 0., 0., 0., 0., 0., 0., 0., 0., 0., 0., 0., 0., 0., 0., 0., 0., 0.,
  0., 0.],
 [0., 0., 0., 0., 0., 0., 0., 0., 0., 0., 0., 0., 0., 0., 0., 0., 0., 0.,
  3., 0.]]
{'agent_position': array([ 9, 16], dtype=int64), 'total_reward': 192, 'water_resource': 196.0, 'food_resource': 76.0, 'danger_positions': [array([ 9, 16], dtype=int64), array([ 7, 16], dtype=int64), array([ 1, 10], dtype=int64), array([6, 1], dtype=int64), array([1, 0], dtype=int64)], 'num_step': 70}
