0.0 0.0 0.0 0.0
0.0 0.0 0.0 0.0
0.0 0.0 0.0 0.0
0.0 0.0 0.0 0.0
0.0 0.0 0.0 0.0
0.0 0.0 0.0 0.0
0.0 0.0 0.0 0.0
0.0 0.0 0.0 0.0
0.0 0.0 0.0 0.0
0.0 0.0 0.0 0.0
-350.0389 9.661526688900024 0.0 0.0
-44.79959061588097 -5.972100000000001 -99.6396547391942 1.0736800933901487
-20.88501 -25.168784508643842 -113.62904006026181 -54.42828553013264
-50.02910805745047 -23.649684578028918 -19.50031 -54.07790324099482
-54.411159540687095 -100.28465005475256 -98.9248886336828 -57.77385786125253
-58.30228401957885 -85.76133389424422 -104.04833822571067 -96.70838778809632
-66.77935445005399 -126.38665520841623 -72.20116306521251 -98.14007161242318
-88.60954823897929 -92.98355011872708 -117.75218129502747 -111.10129032446498
-102.29293935818717 -118.02730665459266 -142.61971946077082 -100.56447051332988
-103.04162463259777 -169.75599682483642 -112.54986661994104 -129.29959971064804
0.0 0.0 0.0 0.0
0.0 0.0 0.0 0.0
0.0 0.0 0.0 0.0
0.0 0.0 0.0 0.0
0.0 0.0 0.0 0.0
0.0 0.0 0.0 0.0
0.0 0.0 0.0 0.0
0.0 0.0 0.0 0.0
0.0 0.0 0.0 0.0
89.9902071509527 0.0 0.0 0.0
0.0 0.0 0.0 0.0
-25.854648900000004 -48.330927071560474 1.0836099899999998 0.0
-10.529700000000002 -16.93881528748663 -20.500207809000003 7.884422259187273
-47.16969095983835 -28.817299596569057 -58.25586139610802 -46.47990155897723
-53.74205774207519 -39.19627154958381 -93.7235018430261 -75.86261055757028
7.983302862089455 -27.813414512870363 -43.76810050798873 -49.72182638320564
-71.30409817908219 -44.2749623172929 -111.1014137918967 -67.32863391431827
-28.692149327094363 -80.33071482707041 -130.72277569702396 -87.49764271107126
-95.21320720307816 -76.17646485911473 -111.35465788600838 -90.3746655986804
-102.5841337062968 -67.24581406927274 -143.73173323490656 -80.7783406041151
0.0 0.0 0.0 0.0
0.0 0.0 0.0 0.0
0.0 0.0 0.0 0.0
0.0 0.0 0.0 0.0
5.690620194779985 0.0 0.0 0.0
0.0 0.0 0.0 0.0
0.0 0.0 0.0 0.0
0.0 0.0 0.0 0.0
0.0 0.0 0.0 0.0
-13.283440471997213 -4.29 5.521427648747245 0.0
-5.1000000000000005 -29.143540419000004 -1000.9152738606734 -10.097918334721903
-75.41124661312014 -34.995659599410004 -40.49955226317291 -36.596093639469004
-26.568865181 -9.690000000000001 16.067693190484633 -10.19031
-9.593150286720974 78.91005312941977 -50.12486126266278 -9.256344093427128
-14.515054522261009 -14.366202552008003 -89.42681641546088 79.8955284011854
-14.845823278532304 28.54556321281259 -41.44466106926983 -34.37272666615154
-50.96054874548258 -33.81103093668213 -74.19509945795653 25.230864694522086
21.41902506287249 -50.90187046466761 -16.822934394384944 -55.5899997363064
-44.17137662301115 -56.32192374674528 -119.5581544008695 -77.5362668678464
-57.31570411825807 -73.58543357994101 -111.49326055699261 -59.43198196964816
0.0 0.0 0.0 0.0
0.0 0.0 0.0 0.0
0.0 0.0 0.0 0.0
0.0 0.0 0.0 0.0
-47.26342508999997 0.0 14.121558175301978 0.0
-14.179468934622792 0.0 0.0 7.9715782187305235
0.0 0.0 0.0 0.0
0.0 0.0 0.0 0.0
55.8874909774529 87.89596726170575 0.0 0.0
35.9516579657072 -22.012147688936825 -35.23144812749502 0.0
-54.310057499585156 -55.589999999999975 -26.606858100000004 21.68747926352131
-58.31763947952807 -45.00761556106484 -33.67748229 -27.663274399472698
44.605972900751134 -26.595764033390665 -39.332835847969896 -65.11183299179523
-22.331142298206817 -11.387861482110564 -10.149000000000001 58.62637861635102
-38.950839919469416 -56.55091435933585 -23.292401210748015 -47.321654733701614
-1.94876011907512 1.2657646121731583 -38.94818283785896 -62.31826711912724
19.61227850273383 -86.00750258696621 -42.65023807317289 -44.56741243124442
-77.2088425921708 -71.13115113300555 -92.42098580162397 129.18172218299966
-245.18711656637157 -40.120093362335254 -39.14259928097567 -91.75960659760072
7.035290455466255 -55.07764767972728 -102.5841337064322 -95.67226232535646
0.0 0.0 0.0 0.0
0.0 0.0 0.0 0.0
0.0 0.0 0.0 0.0
16.692299292802698 0.0 0.0 0.0
-49.39646236808594 -42.913682980119475 3.8493426300152054 4.1517499
-24.802841809070237 -49.09944422662109 8.407259827722203 0.8299095101236595
27.948686418626462 0.0 0.0 -43.42401374523031
116.20675349544048 18.62020439180368 0.0 6.074281584350188
42.90402423811692 58.287937670778646 28.10637053553519 61.205293503386045
43.882736552724715 -5.634950100000001 -18.2871142058958 14.140844334891217
94.24982813169845 -24.3082098523405 -49.87753562036936 -17.5389
-88.32904990602545 29.386791750691575 -59.94413377331804 -37.767823828517365
62.58704979942784 -19.276648191626045 -62.751288499252965 -55.950623613208926
-41.10953879799632 -42.494637333170054 39.59337971524286 -49.94455178486198
56.88715083509471 -4.6016377799983585 -40.545531371581184 -12.402741819658853
-909.751757663713 10.027414810066183 -49.8608071023807 68.85148255214143
59.67917632655432 13.631448691131308 -31.839477741797435 59.10577757643077
71.81272076761715 -34.98081879849439 -8.685451540389554 6.711258701415072
-32.32627319933391 -67.09516147470798 -87.80785905549973 17.7988220379779
-59.987890531920144 -17.585594217042555 -77.93686769141803 60.27326014002199
0.0 0.0 0.0 0.0
-188.29000000000002 0.0 0.0 0.0
200.36347010527587 0.0 0.0 12.99999931055067
37.116762231223035 1.6020984678794208 0.0 0.0
2.4763743346890097 -14.45589078466961 -47.01764875375461 36.23520858936048
-3.8189599825165446 44.52055949974486 -29.10019112685144 -47.02511919993866
-13.448210535196688 127.61734750713546 -24.94523379566342 21.454896423059157
10.047394715179 89.06671406479497 59.62403898891709 67.89548095191661
-0.3183760354598628 16.218388265722908 -810.9056749110008 72.85270152229901
70.22834244557414 34.190564465627546 0.886234783293659 58.15337194077014
51.03066044607142 12.27165720991887 90.2954618328011 68.83945547533261
3.977639527613874 -4.425640645436535 -23.5365152772895 80.55787196632973
-4.63018269339804 108.32302834735083 50.355029548076175 50.50845935075579
10.059266588996458 45.01303775403158 -21.259605994309826 110.35892038594542
11.269975430538441 70.82863750775162 -29.61557412643925 11.529144747660057
105.26381936057574 99.1806992283522 25.77621683888554 92.17773467911921
105.52445096652453 73.30394593984032 102.66044248635853 34.30042393159009
-5.132281640242496 95.67194038939019 93.1185276155347 65.22420976089607
-1.448543549565045 35.825182907476226 64.56717909635918 90.49245397170299
57.423590661134604 -43.11608779394978 -27.510463095053613 3.942442042835195
0.0 0.0 0.0 0.0
0.0 0.0 0.0 0.0
175.58998344869786 0.0 209.32712140290528 0.0
84.16852349014698 0.0 20.74543488569924 13.809999999999992
-52.86341813014869 -5.559000000000001 23.99688795409437 0.0
-62.82898719732522 -42.476969841021244 -50.999999999901455 25.33603111571609
59.932125088567496 121.82501685029843 65.7298601940514 -35.499780532153224
39.70647973198715 28.82926006787829 40.99100986783133 17.18128090679287
30.865084813645282 -3.6772911050043096 41.98774098195635 -10.413784995859409
48.478750156249006 48.11958612757812 45.402539313863315 -195.6594387194899
122.1516670477292 85.3142923621657 87.91064272016968 83.00222190713413
44.775246845069766 10.069773911031277 60.385678035576476 73.73331668811335
-21.27732714947299 21.70390721622495 45.999356346406884 25.245856599036298
-12.73696402364319 -14.539282581058389 14.115452462472147 -27.7494191220969
2.5058178096613197 54.11234085068187 13.753526950361248 17.65861316217628
44.235338377594125 35.8471370004955 78.31705406131037 -2.8881335958345726
-1038.357131143041 1.8798998880677327 92.0523744484686 72.05382475732378
41.407969365530825 51.27359241357932 55.67343472658009 40.6253955228342
50.24788896602256 42.21585318449511 99.7709996835936 95.23467234266946
72.48088237384925 -20.434536313083115 -51.189246582851354 -42.52164284853143
0.0 0.0 0.0 0.0
94.40664710388761 0.0 0.0 0.0
-4.19031 -34.95387237487323 185.0999816096644 0.0
-22.1289 -0.7823739557543292 84.7514892603951 0.9
5.0793524048295895 -38.611000027101895 -48.59783436440443 -5.1000000000000005
15.723131698850779 8.22620665276103 13.344221589671516 -30.918225110184363
-21.57869147595217 57.014900995205366 55.22812213942689 39.77181951437584
-34.13082657284228 32.9125962393565 54.43870567011045 51.589065868462036
-27.86007995718522 53.37281342233363 14.90381438567828 12.978798888526283
24.82250592687326 104.48392292259862 -2.987154939582326 27.161142751999698
158.4325876635708 51.616023269091976 67.30970962611269 107.03512699699671
10.503910975054474 51.86636749284087 42.97012634317092 24.301864700582854
-96.79606148733963 11.398448322021034 50.29484952965747 -25.795937860198993
13.714039934904736 -30.322577251647726 -33.634969253801685 56.78560531349463
-25.736264045388737 -13.293172771587127 24.992514699375512 23.57786617255394
-33.818821896467504 -997.0000000000005 72.2413455861823 -37.67781164741245
0.0 0.0 0.0 0.0
96.42310478327357 66.0579098795443 56.71250141683768 -1016.3021860000002
23.769135219491382 11.876809423641255 93.05962152439729 19.57760198014466
99.51109017188648 22.876809423641262 -18.298416921742227 14.184591472091496
-17.23893981580983 0.0 0.0 0.0
88.57986385041629 -5.559000000000001 93.91263504688703 0.0
-40.121535240348 -11.438778254087067 -9.690000000000001 -44.110656239867744
-23.716909377765017 -71.5219685626075 -50.50541539780836 -56.003099999999975
-97.1629403343295 2.7317308938787326 -39.65036050322543 -16.097259078324598
-92.82568954761321 -60.91591696076215 -36.84918147103427 -53.89107398140622
22.860488705264885 27.47708553679553 23.799593387790786 21.490230550586354
2.1755544446267896 -41.27338159481954 -12.005164894800707 11.823300451288326
-19.38210599950133 -66.16567903556779 -5.116849648603457 -36.35816161428403
-83.36221293504164 -23.936766766350974 -13.332068164915551 -44.22106053679437
-8.296428050898378 75.3972927263794 161.58932889929417 -63.35924869573712
-34.418182222283974 -50.623448794403416 -330.6868827694625 133.55913417180773
-51.774523531613106 -68.39730575286059 50.628519069291016 -43.44763845228089
-24.175661917860467 5.237939261461486 0.4276021329223091 -89.39470149680122
17.368084801998066 45.26836849137592 11.57063282635352 -4.71792649866768
17.888617621696255 66.36936536641589 -793.783815598404 18.908579116616487
-987.0000000000005 116.02638430844098 -1001.393572607359 68.73242878608804
159.70136526954226 91.02958983183893 87.58013269543665 104.40617011038401
18.384071615576488 23.13767624039302 69.25969686062847 134.39114446603926
42.23471965724401 20.133578658212176 98.55998115469777 12.12044777690209
1.2298490536702333 -52.18434962769197 -17.5389 -10.0
87.47918934851046 -16.128987000000002 -15.105498609094965 -49.88441288538363
-360.0633 -17.335530600000002 -14.280000000000001 26.71842539819982
-74.08012075242887 -69.52356740104875 -51.45693532793284 -7.013158214434333
-28.895285631625015 -59.69020452215584 -71.5219685626075 -74.98813248665013
-82.6718897416317 -57.216319523657916 -91.29527304446246 -76.87266653817495
-69.65273671019209 -47.09815028359858 -16.579272505470694 -76.8983074263518
-54.62570374107349 -13.428864767705498 -14.322500755055406 -23.648672001417737
-60.103039238293356 -24.396098856685924 -14.575550710740334 -97.78578967856905
-40.78501397566116 5.1949525266515755 -50.999999723932575 -32.95717525367995
-15.314734133302878 -3.7898696077016165 3.678039014697995 13.936714533934186
-37.11476420223001 -83.2963277869967 -20.24279868056498 -75.79925012092849
-110.61248060299859 34.88161681459581 -64.1563592725676 -79.28072926273973
-37.56451765163805 31.13750042059676 -90.11535314384558 -83.806970389975
65.4601216346736 -862.6560047471296 -34.745575350169176 -49.02983357350675
7.734629508522431 -987.0062697405799 12.119906908273588 45.45956358242981
0.0 0.0 0.0 0.0
173.67645692751833 113.70169670368605 133.8051138503234 -987.0000075064563
22.681684549072237 15.229556156623442 126.48904473917487 19.333538364245417
175.0716233253433 82.60424437065132 59.49900990973925 26.950117383872282
46.37248622760117 133.40618934851034 -5.1000000000000005 -4.621360686640944
16.006235735417068 116.00687705390054 103.65743199019168 105.04936910411394
-34.526848526050216 -20.88501 -17.961900000000004 100.00064280626503
-110.11745281959622 -105.10000000000001 -95.85369357713769 -20.56782888871613
-66.09178908268156 -42.10484949175587 -104.67172558435158 -67.09169909353042
-57.67744573875542 -53.0003985212782 -100.48128093822066 -51.543069829651365
-124.56586449135719 -67.06184300951331 64.89477917375055 -69.79650899999993
-118.55072116752987 -60.13385460246094 8.066749433297176 -51.12090678586325
-61.016883580081 -21.406502802626612 -53.231378829543 -60.98345917831652
-91.4443712116291 -24.495314690388938 10.79630424423969 -60.92450915200638
-93.32996886369106 -98.16272131728148 -101.23851760889312 49.13149631399145
-109.64485646199117 -99.35913274737504 -52.41054893582807 -78.31048571497664
-74.80841575230205 -108.90806182881319 40.3934551331362 -108.64366265847218
24.033120829742863 138.19339949610824 -410.65060982708064 -351.41804875777433
46.41904850232333 151.0926098974069 67.91410672668198 66.61655170261312
140.25104330016651 180.6805385059487 22.74662109728639 144.80894601851054
177.7421698023678 169.14346642283522 -987.0070751363482 186.3799869341955
131.95430229115712 180.0651903970348 102.89339830124003 109.16400676610317
126.67139374359273 190.1567328982641 103.89106048546569 106.31735887960542
198.50689594569292 126.92176799711271 153.78186877780416 126.17066721410032
-55.56658584961963 -75.1297529746893 73.06556310973542 -15.256253414178437
-30.209941746268278 -9.004982677065824 44.276398129290484 14.759006818774917
-39.94941525576765 -104.26382760951857 45.66904748205605 -43.111940925128586
-126.65903094004321 -65.80787096889821 -79.89080896763093 -69.6436228537332
-18.6364311 -27.738880620000003 -18.021270696894376 -43.77032982309167
-49.109745200999946 -56.658440058219185 -57.23788562014906 -48.58821905400155
-81.75263770893189 -112.54328574076182 -98.38470383739708 -93.31693178035003
-83.48005025840959 -42.618827399797674 -76.32159029828154 -76.51254901394464
-68.51674267869525 -72.73043666772978 -69.92299589823219 -53.631536184198865
-85.4274369873266 -99.0541421359093 -43.70266934485911 -101.58068858424315
-1033.7392133650583 -62.915473049042106 -42.02046617789166 -110.55508224100353
-50.00708338769313 -77.33658982785407 -91.35271742305333 -80.50666847291002
-68.25225857639391 -17.298178643755783 -88.54806433973062 -85.68277902130814
-54.00959272363124 16.90053370000733 77.70952359585486 -39.62579723000409
-17.93209705070311 -9.84434407351818 84.62618526091846 22.053110901025427
70.94919718267249 189.46015898440464 160.24174829224862 102.01688642997274
177.32751825206108 171.30101426596883 182.90459521898677 179.80446395063706
114.72040872932392 77.72773402523144 47.3480746286852 180.00121070362363
128.3293246119415 182.1996139836578 71.04915476764778 29.55734023749978
159.49416011862053 115.84951489097168 188.34099549521451 177.15972085089822
-66.40820343220341 -68.50248477940093 30.48209265287794 -121.68312383023087
-84.36622901849307 -95.32268950684065 3.2642090361351217 -77.67074287799245
-72.63731158122087 -56.43902207220589 -21.330702586848492 -98.37979231052674
-72.71002439074523 -101.78614261028753 -106.84725887613064 -105.10000000000001
-45.22245692940116 -64.22378999991506 -65.45214212988924 -106.49424053085886
74.13314186216537 -76.28489703023871 -50.97747151362369 -31.70021123675166
-55.268748012077054 -60.98084691723462 -93.94463051770563 -24.203513342943634
-58.199223489690425 -103.18285588557892 -106.29948674313587 -72.89356152341774
-62.88986718495747 -64.26024759430675 -60.08366448906368 -97.87053261862569
-97.95687675735331 -45.83203610430846 -110.78019151053695 -154.0980160868185
-5.837714509458017 -32.442307318561646 -98.27411676064605 -61.96677627997021
-48.808413252018205 -0.18870558848270313 -51.79479557057461 -43.58527414999922
47.7577711666141 17.474208801822463 -47.12921373132252 -90.28075754504282
-38.20603176279777 29.134619687759844 -27.89060224744357 -48.227676012855305
-12.937623961170432 43.12031723524372 -17.37217008962951 -12.30282527091791
-284.1048207572776 140.68509475304091 -156.99591653591287 -51.211356384683434
103.39223730337653 112.1206654239565 184.5631670203775 80.4845643450634
74.38678132720898 87.0941523452985 171.4084854782749 -8.254851517340349
54.975774319600745 -51.75942422694498 -3.8687274670801717 163.08442604962457
112.4217491532849 111.58327794383999 163.3177113236067 155.69454307605338
-35.23340152353798 -40.83167007478558 -109.93853882200543 -104.58999999999995
-58.09651464137143 -63.36813238461431 -70.85686229660763 -46.93630835602656
-31.043853936146316 -45.28906077017262 -64.33356580984866 -90.09836115644853
-86.4719100708955 -60.68934961810053 -124.43810055705681 -68.80005452288248
-94.53899461331423 -28.939435520341448 -83.14411601104206 -78.62701176031237
-19.267528220457766 -23.61685878870154 72.7426574145599 -83.14511157561174
-20.150212472248665 -20.765075653983303 -989.8846264098048 -14.693100000000001
-66.89778499999994 -8.674072677429983 -66.01967000598292 -28.931361734021518
-211.20116541918867 40.06344853888903 -56.851538644131814 -59.7692809769467
-82.97718322418942 -80.8418779714334 -68.06541526390384 -62.18966001152981
-71.6707422516281 -36.721807735135044 -43.622808678672165 -105.37310242168229
-11.63832984720279 -17.479368769540965 -25.56213273720175 -29.45271500497971
46.42692818112144 12.517540459300003 -41.860646064400086 0.3238584717331001
9.647601463621518 -27.02169759116603 -30.43305849871773 -7.3059292265665965
1.6033611863239756 -66.8168087303657 -42.655684096445015 -1.0117456603272421
-73.3752583369521 143.95850252931723 -68.80687573534898 -38.995751554691395
-30.75597906987382 34.53550546193625 177.56958356733494 35.65555607870528
42.10691993055205 12.799148701410543 100.92083268060168 169.5988667161414
-32.672021907652095 -26.119686069466574 51.991554625041076 161.63892637321433
-71.78214440207061 -56.743789815667625 29.86238920854364 114.93993581458768
-52.25053353220637 -74.7987046527198 -40.976195652697044 -86.3031813665384
-30.84932019876274 -39.399110038384826 -26.443005170046902 -50.59938647222477
-69.94902859554506 -56.15154454801325 -61.23404299290519 -74.79820647024323
-105.55669983678735 -102.83381930885749 -77.39395609593076 -50.59528318027914
-120.94364462410135 -76.20547553485083 -45.60883721568102 -58.58849820363305
-79.94722053556895 -48.34729154343048 -36.596093639469004 -32.04795393274902
-88.74857347114934 -50.87300505007642 -53.52323401507094 -65.03403891812195
-49.81745624894497 -972.9731419296292 -59.71103608418112 -32.73326239132158
154.185596927968 48.30600900216536 64.05031064431417 29.09672875549471
-75.92343164138194 -523.4146103559541 -45.40282878891806 38.38994690148391
-52.88626575879853 -63.003590298438176 -80.8581017892025 -22.96749139069795
43.483979658331634 43.73518905866356 -16.92034900726718 -59.61479063744221
-10.41063821600739 10.630991854544813 54.09484281310401 30.000317514756656
58.818000347310935 44.23214535804407 34.677384674969005 10.542720123811495
90.3538561648038 -65.35619292845907 23.041524503933328 16.891259527027657
-76.21326719691363 -20.816919831341774 -50.78423397700632 -43.32908522859634
-52.45675660830407 66.53234179151872 -14.64932114142337 -36.862263288116836
-101.11506318428833 -690.0472331721489 61.31850549375734 -122.51408306813514
-99.87970656101373 -141.47151556946127 -90.71282694767106 104.01559822440237
-108.45915481704264 -150.74626845023863 55.801090722211555 -110.01496493920375
-64.17466541869902 -56.980160197517705 -55.84010447333018 -133.33515351866345
-30.839621863997827 -42.721461382842 -57.86349035590901 -91.60680174907819
-39.96324498826243 -37.10436792768416 -132.0135273768745 -66.69835739106189
-79.14701130445782 -121.49768207978099 -120.45869022797443 -38.84210454431434
-78.33077849442796 -85.03664903396276 -88.1968184036154 -114.52289001610295
-58.82392656859218 -64.16967300350444 -67.68264181225825 -107.9214264128178
-76.01581366959222 8.1497059365051 -96.7856999516602 -54.83537286153107
-108.37793996460326 -47.741604270777 -64.26702384101122 -83.08650259897897
-116.95227223124375 -115.88820855841128 167.7602140354055 -85.18284673065857
-90.97190367400094 -76.43539350625258 -72.09800950937277 -102.34394810895843
-48.34546805143064 86.52797323728889 -94.06616319046827 -115.59481712749646
-60.00111000011619 84.65296925169902 94.32948495910561 38.66489571864746
9.290867629105266 37.27267608536026 5.685358531793614 -232.32235557389686
7.623104120588511 14.070413883289364 81.51555348445332 2.178519521051219
-80.25095307444563 -27.852226157820763 94.318470548323 89.49938303147904
-101.02642542310616 83.28519912850503 -60.08703278753247 -25.851512731635925
-108.5755424287708 -58.773981630375474 -68.81331722818076 83.95229275535314
-64.32047766805769 -47.715971985361236 -99.4856732718474 50.78233385147858
-0.7955244281791126 -536.863456488181 -105.60788204589907 -62.80383412747045
-102.14619832170717 -155.53836298098665 -128.65517494853668 -85.80221297654528
-41.59272116208042 -63.50277266487915 -73.49714277977486 -50.49759686964443
-62.60002426990986 -59.85686858891851 -45.18655070757495 -18.238360159644433
-63.074806877352096 -60.34157603114467 -54.403622026953265 -67.41451013524741
-64.06497828245011 -52.99067586486975 -146.0465731435504 -99.96320721872799
-56.124501865837665 -100.95007622957964 -100.53076875499252 -86.62806141096011
-64.61533472752882 -55.50008469953577 -92.22904022092897 -84.60590079699048
-83.55569115247026 -122.36239966273293 -10.354128627445618 -82.20651771459346
-83.80544108421277 -117.01827719216794 -310.5387869222496 -89.40684604294971
-128.52185689430235 -73.91750573243058 -82.1761153876861 -117.29140001615241
-95.37042525317445 -84.01483238456312 -112.88816037959461 -94.01340726921188
-80.86177472792366 14.048138918840754 -43.069778349270685 -76.66562513487179
-58.90255034285911 9.290867629141779 -828.6326727635424 -68.28556884540555
-52.3049411679515 -29.910421599796113 62.54540847682421 -42.839739143375056
-20.179411166520527 -13.62360256842177 -24.25305093002526 -271.7619643288042
-71.62344888447721 -43.849714505824615 -45.18820202518312 -32.50107794845897
-100.1700712592095 -82.3166327120166 -39.54105102289405 -91.30987284176166
-103.0370289817956 -97.69868648741954 -101.64482981473829 -86.58694591084071
-63.690151650367525 -83.23962236496507 -45.07284113430971 -67.78037706371491
-21.995027078056573 -81.7352016201033 -38.014435540816244 -70.33557313509604
-111.40971011154757 -99.15453254184213 -112.61401285510561 -61.27365943069052
-58.85278866602263 -43.75096453481541 -60.726031435961836 -109.4148297708296
-67.38278427623607 -44.02377476527121 -40.85131584796989 -60.4151916692704
-105.16525518702464 -70.61857799125463 -93.21826768728442 -72.74085635629002
-63.43131898455154 -43.033302668247 -44.76458252495599 -52.12774663934925
-99.5966640493368 -67.93771031622978 -110.57880748780278 -83.63143504238639
-107.69545505726371 -94.64317149297153 -78.23189184320772 -74.30836319800072
-87.84784753332796 -60.32220655431027 -48.51255332385803 -77.22019926615069
-91.22551177809757 -125.78687563360756 -97.17178366090376 -94.14324955068406
-105.2349361615084 -93.70975310654521 -102.35971834656108 -948.6434062414448
-118.58356686138573 -87.63255711266159 -80.60257995789875 -121.99753199854082
81.03447578436037 -78.4154937010981 -799.1473487069059 -74.27271291308989
-74.01577346522788 -15.651747216739858 -25.07894257049621 -79.39385239521852
-85.37002608205879 -74.36632855903777 -10.550312039942298 -23.58906602891947
-58.79013828083169 -63.28317390471691 -38.82241107284537 -25.438492055360143
-18.77888400425837 -102.505139846639 -45.3013953699479 -84.45541540620235
-67.26635410728107 -121.80568307983829 -101.82727228915093 -57.25401283980321
-99.6653006420754 -19.128625569385896 -68.1492008921593 -101.37252447120768
-96.63689053269837 -72.4693111214626 -35.22087376732187 -79.40815605351106
-686.3949576104021 -111.82429372503485 -75.21302622060104 26.678447207100245
-97.13397981457554 -89.22568696267211 -87.15923782376788 -60.851604896433756
14.075411098620759 -14.318633429355728 -86.21167399477358 -12.895914229470653
-45.81240138353945 -106.7378810449416 -54.23979798891894 36.31129080581108
-77.35256924372656 -74.53284111109318 -114.5567201921033 -67.40303031808047
-39.854720535804695 -87.75030369378241 -455.56531152722835 -67.56970953988122
-70.05622657531661 -108.14985738930044 -61.81388274126472 -86.8692484822236
-115.47021193734906 -64.92246691010037 -63.49984154505552 -73.95583546899499
-114.08178120457475 -99.80300340041283 -93.44677099240187 -80.00014302178747
-148.1253823044529 -112.72556206191601 -118.92252712109985 -121.87605779182847
-173.5578388871353 -103.12484960718601 -100.8489151773737 -147.7212350054561
-101.22563253809628 85.48406681780874 -117.48611252993516 -98.35065581796776
-105.92888499602597 -48.07927849517452 -91.28110900188817 85.34195217611338
-140.29997184466967 -32.695364602048585 -96.06439232921366 -634.6576124124922
-131.72975291165025 -79.36937604882985 -57.23235072188819 -38.188917868954285
-67.6430540778186 -15.700298836128137 -45.583699143372726 -71.00941644276293
-27.358017740986945 16.32089937171842 -91.28658431534504 -119.34181941370295
-115.06985672127647 2.514699801339147 -102.26371925798482 -46.53327429198376
28.542190407516628 -124.17977878370927 -54.391264757600396 -57.097224106235956
-96.32228950181913 -90.01967682169837 -65.39483673312881 -80.49971480044238
95.65594832480724 -58.76685638985306 -81.15888829992541 -101.35731312721754
15.490870572048063 0.022858154323788724 -91.68214711801959 79.92413806505716
-99.12473347663246 -114.25597601304544 1.1949012206897398 -98.49356456166994
-99.42735831029775 -80.52442685156994 -58.98644285030708 -97.63319334388173
-66.22143728958783 -56.00309999999583 -67.91679193191125 -62.12117308226747
-84.69763628557781 -89.96519916780719 -45.22562468113362 -49.859367114314594
-110.0 -122.16570421671511 -106.43151815530838 -91.633866399954
-115.75707767766859 -82.31866680039242 -79.07300471488008 -106.58975593727062
-87.0108670149958 -111.93134007092596 -96.99221336045458 -83.28291280065878
-111.58226925115044 -172.82093310300831 -110.27392376770857 -107.91710518219647
-190.34518256371237 -602.2125257070401 -136.17537655409686 -148.1134774936935
-122.59400028891564 55.28992048142391 -114.84147713251488 -141.2686221706667
-24.665336707081178 -74.56155966359307 -43.994054673393045 58.76092843328149
-108.95236038559922 -130.38216111191915 -105.61799402935846 56.43737399838314
-127.49225059605058 5.390618341808676 -129.0550767408931 -142.929091836264
-99.59250895144831 -123.00229672623823 -18.492359304100688 -97.40303570966907
-95.58433467959449 -134.82495674297905 -99.3726313149837 -9.384118569524228
-105.26177792673705 -109.87329352075996 -124.40943916990076 -133.38051434367014
-143.8536915250724 69.58534237582577 -94.62105639709623 -137.8862959088292
-53.520832323371636 79.35570018319876 -95.08505616527448 11.66836312123884
46.65594832480869 65.8073504900155 107.39549813867634 84.42013017781922
-129.62069731922276 -67.4101431113639 41.01635009943805 59.3327522343303
